 5.0000000000e-03  1.8121580434e+05
 5.7450000000e-03  1.6635949461e+05
 6.4900000000e-03  1.5064953820e+05
 7.2350000000e-03  1.3446032508e+05
 7.9800000000e-03  1.1816138084e+05
 8.7250000000e-03  1.0210533805e+05
 9.4700000000e-03  8.6616990697e+04
 1.0215000000e-02  7.1983846744e+04
 1.0960000000e-02  5.8448513296e+04
 1.1705000000e-02  4.6203155653e+04
 1.2450000000e-02  3.5386169415e+04
 1.3195000000e-02  2.6081100124e+04
 1.3940000000e-02  1.8317742559e+04
 1.4685000000e-02  1.2075256989e+04
 1.5430000000e-02  7.2870568223e+03
 1.6175000000e-02  3.8471548640e+03
 1.6920000000e-02  1.6176064551e+03
 1.7665000000e-02  4.3665873004e+02
 1.8410000000e-02  1.2720654014e+02
 1.9155000000e-02  5.0516664513e+02
 1.9900000000e-02  1.3874109034e+03
 2.0645000000e-02  2.5989439127e+03
 2.1390000000e-02  3.9790676587e+03
 2.2135000000e-02  5.3863415719e+03
 2.2880000000e-02  6.7022170621e+03
 2.3625000000e-02  7.8332971978e+03
 2.4370000000e-02  8.7122410076e+03
 2.5115000000e-02  9.2973945956e+03
 2.5860000000e-02  9.5712851311e+03
 2.6605000000e-02  9.5381566873e+03
 2.7350000000e-02  9.2207575182e+03
 2.8095000000e-02  8.6566060540e+03
 2.8840000000e-02  7.8939677994e+03
 2.9585000000e-02  6.9877682130e+03
 3.0330000000e-02  5.9956488923e+03
 3.1075000000e-02  4.9743477988e+03
 3.1820000000e-02  3.9765509410e+03
 3.2565000000e-02  3.0483251976e+03
 3.3310000000e-02  2.2272021198e+03
 3.4055000000e-02  1.5409428356e+03
 3.4800000000e-02  1.0069766142e+03
 3.5545000000e-02  6.3247195588e+02
 3.6290000000e-02  4.1497062486e+02
 3.7035000000e-02  3.4349280669e+02
 3.7780000000e-02  4.0000610616e+02
 3.8525000000e-02  5.6114257308e+02
 3.9270000000e-02  8.0004613914e+02
 4.0015000000e-02  1.0882372457e+03
 4.0760000000e-02  1.3973912489e+03
 4.1505000000e-02  1.7009414189e+03
 4.2250000000e-02  1.9754348905e+03
 4.2995000000e-02  2.2015895956e+03
 4.3740000000e-02  2.3650208414e+03
 4.4485000000e-02  2.4566266736e+03
 4.5230000000e-02  2.4726404701e+03
 4.5975000000e-02  2.4143764695e+03
 4.6720000000e-02  2.2877084602e+03
 4.7465000000e-02  2.1023331082e+03
 4.8210000000e-02  1.8708770766e+03
 4.8955000000e-02  1.6079110509e+03
 4.9700000000e-02  1.3289340914e+03
 5.0445000000e-02  1.0493886191e+03
 5.1190000000e-02  7.8376018465e+02
 5.1935000000e-02  5.4480747109e+02
 5.2680000000e-02  3.4295735219e+02
 5.3425000000e-02  1.8588793622e+02
 5.4170000000e-02  7.8310067205e+01
 5.4915000000e-02  2.1945440980e+01
 5.5660000000e-02  1.5687982957e+01
 5.6405000000e-02  5.5925031656e+01
 5.7150000000e-02  1.3698668144e+02
 5.7895000000e-02  2.5168574688e+02
 5.8640000000e-02  3.9190746846e+02
 5.9385000000e-02  5.4920738435e+02
 6.0130000000e-02  7.1537769160e+02
 6.0875000000e-02  8.8294670876e+02
 6.1620000000e-02  1.0455823888e+03
 6.2365000000e-02  1.1983787615e+03
 6.3110000000e-02  1.3380131581e+03
 6.3855000000e-02  1.4627714945e+03
 6.4600000000e-02  1.5724481306e+03
 6.5345000000e-02  1.6681353026e+03
 6.6090000000e-02  1.7519242834e+03
 6.6835000000e-02  1.8265458316e+03
 6.7580000000e-02  1.8949808136e+03
 6.8325000000e-02  1.9600729424e+03
 6.9070000000e-02  2.0241743525e+03
 6.9815000000e-02  2.0888513435e+03
 7.0560000000e-02  2.1546723628e+03
 7.1305000000e-02  2.2210935526e+03
 7.2050000000e-02  2.2864494675e+03
 7.2795000000e-02  2.3480484378e+03
 7.3540000000e-02  2.4023640945e+03
 7.4285000000e-02  2.4453073553e+03
 7.5030000000e-02  2.4725572056e+03
 7.5775000000e-02  2.4799243087e+03
 7.6520000000e-02  2.4637191306e+03
 7.7265000000e-02  2.4210960250e+03
 7.8010000000e-02  2.3503465709e+03
 7.8755000000e-02  2.2511192519e+03
 7.9500000000e-02  2.1245479938e+03
 8.0245000000e-02  1.9732787478e+03
 8.0990000000e-02  1.8013907089e+03
 8.1735000000e-02  1.6142163545e+03
 8.2480000000e-02  1.4180717366e+03
 8.3225000000e-02  1.2199148262e+03
 8.3970000000e-02  1.0269547657e+03
 8.4715000000e-02  8.4623826862e+02
 8.5460000000e-02  6.8424091313e+02
 8.6205000000e-02  5.4649060979e+02
 8.6950000000e-02  4.3724816103e+02
 8.7695000000e-02  3.5926575495e+02
 8.8440000000e-02  3.1363877333e+02
 8.9185000000e-02  2.9975984889e+02
 8.9930000000e-02  3.1537715125e+02
 9.0675000000e-02  3.5675191264e+02
 9.1420000000e-02  4.1890370912e+02
 9.2165000000e-02  4.9592643283e+02
 9.2910000000e-02  5.8135359039e+02
 9.3655000000e-02  6.6854880758e+02
 9.4400000000e-02  7.5109635916e+02
 9.5145000000e-02  8.2316719963e+02
 9.5890000000e-02  8.7983825005e+02
 9.6635000000e-02  9.1734638901e+02
 9.7380000000e-02  9.3326340400e+02
 9.8125000000e-02  9.2658371587e+02
 9.8870000000e-02  8.9772258748e+02
 9.9615000000e-02  8.4842835558e+02
 1.0036000000e-01  7.8161758972e+02
 1.0110500000e-01  7.0114664004e+02
 1.0185000000e-01  6.1153651483e+02
 1.0259500000e-01  5.1767024321e+02
 1.0334000000e-01  4.2448273809e+02
 1.0408500000e-01  3.3666268836e+02
 1.0483000000e-01  2.5838427755e+02
 1.0557500000e-01  1.9308372855e+02
 1.0632000000e-01  1.4329205570e+02
 1.0706500000e-01  1.1053125189e+02
 1.0781000000e-01  9.5276755911e+01
 1.0855500000e-01  9.6984737365e+01
 1.0930000000e-01  1.1417878293e+02
 1.1004500000e-01  1.4458720579e+02
 1.1079000000e-01  1.8531961153e+02
 1.1153500000e-01  2.3306965619e+02
 1.1228000000e-01  2.8433017399e+02
 1.1302500000e-01  3.3560701594e+02
 1.1377000000e-01  3.8361894807e+02
 1.1451500000e-01  4.2547268048e+02
 1.1526000000e-01  4.5880437081e+02
 1.1600500000e-01  4.8188157814e+02
 1.1675000000e-01  4.9366244099e+02
 1.1749500000e-01  4.9381162392e+02
 1.1824000000e-01  4.8267515168e+02
 1.1898500000e-01  4.6121848370e+02
 1.1973000000e-01  4.3093396870e+02
 1.2047500000e-01  3.9372509153e+02
 1.2122000000e-01  3.5177565313e+02
 1.2196500000e-01  3.0741221949e+02
 1.2271000000e-01  2.6296787804e+02
 1.2345500000e-01  2.2065461724e+02
 1.2420000000e-01  1.8245058322e+02
 1.2494500000e-01  1.5000716209e+02
 1.2569000000e-01  1.2457938674e+02
 1.2643500000e-01  1.0698166805e+02
 1.2718000000e-01  9.7569386677e+01
 1.2792500000e-01  9.6245527388e+01
 1.2867000000e-01  1.0249034710e+02
 1.2941500000e-01  1.1541108327e+02
 1.3016000000e-01  1.3380795322e+02
 1.3090500000e-01  1.5625217812e+02
 1.3165000000e-01  1.8117148504e+02
 1.3239500000e-01  2.0693848421e+02
 1.3314000000e-01  2.3195746709e+02
 1.3388500000e-01  2.5474550013e+02
 1.3463000000e-01  2.7400417118e+02
 1.3537500000e-01  2.8867895251e+02
 1.3612000000e-01  2.9800384615e+02
 1.3686500000e-01  3.0152974475e+02
 1.3761000000e-01  2.9913574448e+02
 1.3835500000e-01  2.9102345597e+02
 1.3910000000e-01  2.7769514606e+02
 1.3984500000e-01  2.5991727689e+02
 1.4059000000e-01  2.3867166244e+02
 1.4133500000e-01  2.1509700824e+02
 1.4208000000e-01  1.9042401384e+02
 1.4282500000e-01  1.6590747970e+02
 1.4357000000e-01  1.4275895617e+02
 1.4431500000e-01  1.2208339417e+02
 1.4506000000e-01  1.0482300629e+02
 1.4580500000e-01  9.1711132360e+01
 1.4655000000e-01  8.3238344954e+01
 1.4729500000e-01  7.9632353670e+01
 1.4804000000e-01  8.0852509809e+01
 1.4878500000e-01  8.6598914379e+01
 1.4953000000e-01  9.6335338262e+01
 1.5027500000e-01  1.0932441862e+02
 1.5102000000e-01  1.2467294368e+02
 1.5176500000e-01  1.4138451680e+02
 1.5251000000e-01  1.5841653103e+02
 1.5325500000e-01  1.7473820644e+02
 1.5400000000e-01  1.8938645469e+02
 1.5474500000e-01  2.0151653403e+02
 1.5549000000e-01  2.1044482870e+02
 1.5623500000e-01  2.1568160397e+02
 1.5698000000e-01  2.1695221593e+02
 1.5772500000e-01  2.1420595380e+02
 1.5847000000e-01  2.0761241644e+02
 1.5921500000e-01  1.9754602915e+02
 1.5996000000e-01  1.8455995046e+02
 1.6070500000e-01  1.6935116381e+02
 1.6145000000e-01  1.5271896820e+02
 1.6219500000e-01  1.3551935521e+02
 1.6294000000e-01  1.1861787909e+02
 1.6368500000e-01  1.0284359236e+02
 1.6443000000e-01  8.8946443811e+01
 1.6517500000e-01  7.7560236946e+01
 1.6592000000e-01  6.9172851230e+01
 1.6666500000e-01  6.4104964647e+01
 1.6741000000e-01  6.2498015967e+01
 1.6815500000e-01  6.4311638710e+01
 1.6890000000e-01  6.9330314440e+01
 1.6964500000e-01  7.7178554333e+01
 1.7039000000e-01  8.7343543469e+01
 1.7113500000e-01  9.9203884680e+01
 1.7188000000e-01  1.1206286477e+02
 1.7262500000e-01  1.2518453707e+02
 1.7337000000e-01  1.3783086726e+02
 1.7411500000e-01  1.4929821811e+02
 1.7486000000e-01  1.5895154335e+02
 1.7560500000e-01  1.6625481280e+02
 1.7635000000e-01  1.7079638820e+02
 1.7709500000e-01  1.7230830359e+02
 1.7784000000e-01  1.7067866602e+02
 1.7858500000e-01  1.6595667444e+02
 1.7933000000e-01  1.5835004984e+02
 1.8007500000e-01  1.4821497199e+02
 1.8082000000e-01  1.3603892042e+02
 1.8156500000e-01  1.2241711307e+02
 1.8231000000e-01  1.0802351736e+02
 1.8305500000e-01  9.3577664637e+01
 1.8380000000e-01  7.9808721249e+01
 1.8454500000e-01  6.7418444318e+01
 1.8529000000e-01  5.7044766849e+01
 1.8603500000e-01  4.9227803005e+01
 1.8678000000e-01  4.4380030694e+01
 1.8752500000e-01  4.2762287935e+01
 1.8827000000e-01  4.4467008993e+01
 1.8901500000e-01  4.9409828049e+01
 1.8976000000e-01  5.7330299992e+01
 1.9050500000e-01  6.7802043669e+01
 1.9125000000e-01  8.0252122151e+01
 1.9199500000e-01  9.3988962063e+01
 1.9274000000e-01  1.0823760841e+02
 1.9348500000e-01  1.2218064350e+02
 1.9423000000e-01  1.3500269961e+02
 1.9497500000e-01  1.4593619432e+02
 1.9572000000e-01  1.5430573992e+02
 1.9646500000e-01  1.5956864228e+02
 1.9721000000e-01  1.6134902229e+02
 1.9795500000e-01  1.5946336335e+02
 1.9870000000e-01  1.5393570585e+02
 1.9944500000e-01  1.4500125286e+02
 2.0019000000e-01  1.3309779400e+02
 2.0093500000e-01  1.1884506094e+02
 2.0168000000e-01  1.0301285527e+02
 2.0242500000e-01  8.6479494661e+01
 2.0317000000e-01  7.0182759141e+01
 2.0391500000e-01  5.5066044572e+01
 2.0466000000e-01  4.2022807184e+01
 2.0540500000e-01  3.1842582373e+01
 2.0615000000e-01  2.5161864584e+01
 2.0689500000e-01  2.2422935917e+01
 2.0764000000e-01  2.3843335446e+01
 2.0838500000e-01  2.9398087701e+01
 2.0913000000e-01  3.8816088062e+01
 2.0987500000e-01  5.1591215670e+01
 2.1062000000e-01  6.7007859586e+01
 2.1136500000e-01  8.4179654881e+01
 2.1211000000e-01  1.0209938732e+02
 2.1285500000e-01  1.1969729178e+02
 2.1360000000e-01  1.3590438867e+02
 2.1434500000e-01  1.4971711412e+02
 2.1509000000e-01  1.6025933265e+02
 2.1583500000e-01  1.6683789059e+02
 2.1658000000e-01  1.6898817659e+02
 2.1732500000e-01  1.6650668821e+02
 2.1807000000e-01  1.5946833369e+02
 2.1881500000e-01  1.4822708444e+02
 2.1956000000e-01  1.3339958624e+02
 2.2030500000e-01  1.1583237607e+02
 2.2105000000e-01  9.6554374415e+01
 2.2179500000e-01  7.6717265917e+01
 2.2254000000e-01  5.7527184377e+01
 2.2328500000e-01  4.0171728663e+01
 2.2403000000e-01  2.5746711305e+01
 2.2477500000e-01  1.5187153198e+01
 2.2552000000e-01  9.2068723965e+00
 2.2626500000e-01  8.2505762663e+00
 2.2701000000e-01  1.2461674951e+01
 2.2775500000e-01  2.1668127151e+01
 2.2850000000e-01  3.5387557816e+01
 2.2924500000e-01  5.2851714459e+01
 2.2999000000e-01  7.3049125082e+01
 2.3073500000e-01  9.4783660850e+01
 2.3148000000e-01  1.1674566435e+02
 2.3222500000e-01  1.3759144787e+02
 2.3297000000e-01  1.5602635386e+02
 2.3371500000e-01  1.7088624649e+02
 2.3446000000e-01  1.8121229582e+02
 2.3520500000e-01  1.8631423291e+02
 2.3595000000e-01  1.8581788301e+02
 2.3669500000e-01  1.7969369167e+02
 2.3744000000e-01  1.6826409466e+02
 2.3818500000e-01  1.5218887887e+02
 2.3893000000e-01  1.3242906016e+02
 2.3967500000e-01  1.1019117711e+02
 2.4042000000e-01  8.6855180698e+01
 2.4116500000e-01  6.3890202982e+01
 2.4191000000e-01  4.2763339104e+01
 2.4265500000e-01  2.4847115972e+01
 2.4340000000e-01  1.1331506041e+01
 2.4414500000e-01  3.1461570830e+00
 2.4489000000e-01  8.9795302396e-01
 2.4563500000e-01  4.8281257855e+00
 2.4638000000e-01  1.4791955209e+01
 2.4712500000e-01  3.0262694988e+01
 2.4787000000e-01  5.0359834184e+01
 2.4861500000e-01  7.3900243489e+01
 2.4936000000e-01  9.9469263914e+01
 2.5010500000e-01  1.2550747137e+02
 2.5085000000e-01  1.5040778252e+02
 2.5159500000e-01  1.7261682879e+02
 2.5234000000e-01  1.9073416980e+02
 2.5308500000e-01  2.0360297267e+02
 2.5383000000e-01  2.1038625224e+02
 2.5457500000e-01  2.1062362392e+02
 2.5532000000e-01  2.0426471355e+02
 2.5606500000e-01  1.9167682563e+02
 2.5681000000e-01  1.7362609803e+02
 2.5755500000e-01  1.5123306609e+02
 2.5830000000e-01  1.2590521086e+02
 2.5904500000e-01  9.9250567759e+01
 2.5979000000e-01  7.2977725041e+01
 2.6053500000e-01  4.8788461595e+01
 2.6128000000e-01  2.8269800155e+01
 2.6202500000e-01  1.2792346746e+01
 2.6277000000e-01  3.4214421301e+00
 2.6351500000e-01  8.4688516185e-01
 2.6426000000e-01  5.3358484120e+00
 2.6500500000e-01  1.6712164314e+01
 2.6575000000e-01  3.4363506441e+01
 2.6649500000e-01  5.7276230119e+01
 2.6724000000e-01  8.4095881348e+01
 2.6798500000e-01  1.1320974468e+02
 2.6873000000e-01  1.4284638376e+02
 2.6947500000e-01  1.7118602316e+02
 2.7022000000e-01  1.9647489757e+02
 2.7096500000e-01  2.1713640119e+02
 2.7171000000e-01  2.3187202565e+02
 2.7245500000e-01  2.3974567039e+02
 2.7320000000e-01  2.4024590931e+02
 2.7394500000e-01  2.3332214039e+02
 2.7469000000e-01  2.1939214765e+02
 2.7543500000e-01  1.9932037019e+02
 2.7618000000e-01  1.7436799087e+02
 2.7692500000e-01  1.4611771709e+02
 2.7767000000e-01  1.1637771862e+02
 2.7841500000e-01  8.7070515592e+01
 2.7916000000e-01  6.0113589400e+01
 2.7990500000e-01  3.7299061256e+01
 2.8065000000e-01  2.0179907987e+01
 2.8139500000e-01  9.9698538830e+00
 2.8214000000e-01  7.4633066366e+00
 2.8288500000e-01  1.2980538306e+01
 2.8363000000e-01  2.6341815605e+01
 2.8437500000e-01  4.6872444739e+01
 2.8512000000e-01  7.3438816559e+01
 2.8586500000e-01  1.0451362953e+02
 2.8661000000e-01  1.3826664514e+02
 2.8735500000e-01  1.7267570381e+02
 2.8810000000e-01  2.0565139981e+02
 2.8884500000e-01  2.3516786558e+02
 2.8959000000e-01  2.5939161347e+02
 2.9033500000e-01  2.7680036356e+02
 2.9108000000e-01  2.8628426157e+02
 2.9182500000e-01  2.8722284121e+02
 2.9257000000e-01  2.7953246394e+02
 2.9331500000e-01  2.6368070154e+02
 2.9406000000e-01  2.4066611558e+02
 2.9480500000e-01  2.1196401824e+02
 2.9555000000e-01  1.7944094301e+02
 2.9629500000e-01  1.4524258036e+02
 2.9704000000e-01  1.1166171375e+02
 2.9778500000e-01  8.0994108111e+01
 2.9853000000e-01  5.5391256638e+01
 2.9927500000e-01  3.6719310076e+01
 3.0002000000e-01  2.6433351434e+01
 3.0076500000e-01  2.5475431936e+01
 3.0151000000e-01  3.4203478917e+01
 3.0225500000e-01  5.2356388853e+01
 3.0300000000e-01  7.9058427852e+01
 3.0374500000e-01  1.1286360545e+02
 3.0449000000e-01  1.5183811526e+02
 3.0523500000e-01  1.9367641072e+02
 3.0598000000e-01  2.3584417184e+02
 3.0672500000e-01  2.7573947748e+02
 3.0747000000e-01  3.1086206749e+02
 3.0821500000e-01  3.3897977084e+02
 3.0896000000e-01  3.5828106459e+02
 3.0970500000e-01  3.6750334392e+02
 3.1045000000e-01  3.6602780993e+02
 3.1119500000e-01  3.5393385298e+02
 3.1194000000e-01  3.3200831526e+02
 3.1268500000e-01  3.0170790487e+02
 3.1343000000e-01  2.6507612350e+02
 3.1417500000e-01  2.2461915700e+02
 3.1492000000e-01  1.8314805449e+02
 3.1566500000e-01  1.4359698349e+02
 3.1641000000e-01  1.0882921673e+02
 3.1715500000e-01  8.1443633377e+01
 3.1790000000e-01  6.3594805849e+01
 3.1864500000e-01  5.6839146989e+01
 3.1939000000e-01  6.2018127884e+01
 3.2013500000e-01  7.9187319690e+01
 3.2088000000e-01  1.0759709757e+02
 3.2162500000e-01  1.4572745492e+02
 3.2237000000e-01  1.9137573362e+02
 3.2311500000e-01  2.4179242749e+02
 3.2386000000e-01  2.9385681442e+02
 3.2460500000e-01  3.4428126120e+02
 3.2535000000e-01  3.8983083761e+02
 3.2609500000e-01  4.2754354469e+02
 3.2684000000e-01  4.5493611811e+02
 3.2758500000e-01  4.7018105780e+02
 3.2833000000e-01  4.7224223412e+02
 3.2907500000e-01  4.6095902989e+02
 3.2982000000e-01  4.3707233398e+02
 3.3056500000e-01  4.0218958446e+02
 3.3131000000e-01  3.5869020601e+02
 3.3205500000e-01  3.0957691240e+02
 3.3280000000e-01  2.5828215965e+02
 3.3354500000e-01  2.0844226865e+02
 3.3429000000e-01  1.6365415030e+02
 3.3503500000e-01  1.2723098111e+02
 3.3578000000e-01  1.0197348001e+02
 3.3652500000e-01  8.9972590655e+01
 3.3727000000e-01  9.2457423926e+01
 3.3801500000e-01  1.0969938522e+02
 3.3876000000e-01  1.4097969529e+02
 3.3950500000e-01  1.8462326314e+02
 3.4025000000e-01  2.3809737652e+02
 3.4099500000e-01  2.9816925186e+02
 3.4174000000e-01  3.6111243791e+02
 3.4248500000e-01  4.2294868195e+02
 3.4323000000e-01  4.7970937978e+02
 3.4397500000e-01  5.2769931984e+02
 3.4472000000e-01  5.6374519559e+02
 3.4546500000e-01  5.8541231866e+02
 3.4621000000e-01  5.9117505138e+02
 3.4695500000e-01  5.8052954616e+02
 3.4770000000e-01  5.5404121681e+02
 3.4844500000e-01  5.1332370645e+02
 3.4919000000e-01  4.6095065655e+02
 3.4993500000e-01  4.0030600892e+02
 3.5068000000e-01  3.3538258438e+02
 3.5142500000e-01  2.7054200579e+02
 3.5217000000e-01  2.1025145070e+02
 3.5291500000e-01  1.5881407348e+02
 3.5366000000e-01  1.2011015188e+02
 3.5440500000e-01  9.7365090507e+01
 3.5515000000e-01  9.2958435947e+01
 3.5589500000e-01  1.0828517926e+02
 3.5664000000e-01  1.4367705610e+02
 3.5738500000e-01  1.9838755992e+02
 3.5813000000e-01  2.7064024158e+02
 3.5887500000e-01  3.5773586434e+02
 3.5962000000e-01  4.5621038470e+02
 3.6036500000e-01  5.6203276885e+02
 3.6111000000e-01  6.7082951220e+02
 3.6185500000e-01  7.7812152328e+02
 3.6260000000e-01  8.7955881073e+02
 3.6334500000e-01  9.7113915108e+02
 3.6409000000e-01  1.0493985251e+03
 3.6483500000e-01  1.1115634460e+03
 3.6558000000e-01  1.1556581698e+03
 3.6632500000e-01  1.1805629571e+03
 3.6707000000e-01  1.1860228136e+03
 3.6781500000e-01  1.1726092433e+03
 3.6856000000e-01  1.1416403054e+03
 3.6930500000e-01  1.0950664957e+03
 3.7005000000e-01  1.0353315632e+03
 3.7079500000e-01  9.6521824573e+02
 3.7154000000e-01  8.8768905949e+02
 3.7228500000e-01  8.0573174137e+02
 3.7303000000e-01  7.2221781327e+02
 3.7377500000e-01  6.3978113565e+02
 3.7452000000e-01  5.6072139944e+02
 3.7526500000e-01  4.8693543277e+02
 3.7601000000e-01  4.1987713604e+02
 3.7675500000e-01  3.6054495561e+02
 3.7750000000e-01  3.0949418593e+02
 3.7824500000e-01  2.6687014651e+02
 3.7899000000e-01  2.3245746544e+02
 3.7973500000e-01  2.0574033206e+02
 3.8048000000e-01  1.8596863436e+02
 3.8122500000e-01  1.7222531647e+02
 3.8197000000e-01  1.6349099881e+02
 3.8271500000e-01  1.5870280100e+02
 3.8346000000e-01  1.5680529343e+02
 3.8420500000e-01  1.5679247774e+02
 3.8495000000e-01  1.5774057309e+02
 3.8569500000e-01  1.5883209551e+02
 3.8644000000e-01  1.5937221881e+02
 3.8718500000e-01  1.5879867917e+02
 3.8793000000e-01  1.5668654083e+02
 3.8867500000e-01  1.5274900739e+02
 3.8942000000e-01  1.4683519201e+02
 3.9016500000e-01  1.3892541032e+02
 3.9091000000e-01  1.2912419639e+02
 3.9165500000e-01  1.1765092654e+02
 3.9240000000e-01  1.0482771918e+02
 3.9314500000e-01  9.1064196353e+01
 3.9389000000e-01  7.6838762824e+01
 3.9463500000e-01  6.2676275613e+01
 3.9538000000e-01  4.9122319131e+01
 3.9612500000e-01  3.6714726868e+01
 3.9687000000e-01  2.5953447419e+01
 3.9761500000e-01  1.7270280866e+01
 3.9836000000e-01  1.1000351542e+01
 3.9910500000e-01  7.3573823462e+00
 3.9985000000e-01  6.4148535866e+00
 4.0059500000e-01  8.0949432778e+00
 4.0134000000e-01  1.2166753512e+01
 4.0208500000e-01  1.8254748368e+01
 4.0283000000e-01  2.5857602676e+01
 4.0357500000e-01  3.4376845044e+01
 4.0432000000e-01  4.3153842596e+01
 4.0506500000e-01  5.1512894766e+01
 4.0581000000e-01  5.8807554412e+01
 4.0655500000e-01  6.4466843506e+01
 4.0730000000e-01  6.8037830399e+01
 4.0804500000e-01  6.9221118748e+01
 4.0879000000e-01  6.7896173422e+01
 4.0953500000e-01  6.4134059566e+01
 4.1028000000e-01  5.8196055959e+01
 4.1102500000e-01  5.0517659338e+01
 4.1177000000e-01  4.1678641540e+01
 4.1251500000e-01  3.2360964528e+01
 4.1326000000e-01  2.3297404568e+01
 4.1400500000e-01  1.5214595935e+01
 4.1475000000e-01  8.7747986693e+00
 4.1549500000e-01  4.5209660835e+00
 4.1624000000e-01  2.8296022893e+00
 4.1698500000e-01  3.8754528828e+00
 4.1773000000e-01  7.6112871820e+00
 4.1847500000e-01  1.3764960170e+01
 4.1922000000e-01  2.1854663095e+01
 4.1996500000e-01  3.1221878653e+01
 4.2071000000e-01  4.1080156422e+01
 4.2145500000e-01  5.0576526163e+01
 4.2220000000e-01  5.8861274737e+01
 4.2294500000e-01  6.5161016478e+01
 4.2369000000e-01  6.8849555488e+01
 4.2443500000e-01  6.9511013049e+01
 4.2518000000e-01  6.6990085098e+01
 4.2592500000e-01  6.1425082725e+01
 4.2667000000e-01  5.3260541525e+01
 4.2741500000e-01  4.3237585147e+01
 4.2816000000e-01  3.2361795240e+01
 4.2890500000e-01  2.1849961136e+01
 4.2965000000e-01  1.3058639704e+01
 4.3039500000e-01  7.3988343895e+00
 4.3114000000e-01  6.2421999260e+00
 4.3188500000e-01  1.0824913285e+01
 4.3263000000e-01  2.2155665575e+01
 4.3337500000e-01  4.0934097625e+01
 4.3412000000e-01  6.7485429739e+01
 4.3486500000e-01  1.0171606101e+02
 4.3561000000e-01  1.4309360179e+02
 4.3635500000e-01  1.9065324435e+02
 4.3710000000e-01  2.4303067843e+02
 4.3784500000e-01  2.9852003678e+02
 4.3859000000e-01  3.5515372826e+02
 4.3933500000e-01  4.1079959218e+02
 4.4008000000e-01  4.6326968328e+02
 4.4082500000e-01  5.1043424356e+02
 4.4157000000e-01  5.5033408454e+02
 4.4231500000e-01  5.8128470684e+02
 4.4306000000e-01  6.0196601374e+02
 4.4380500000e-01  6.1149238872e+02
 4.4455000000e-01  6.0945914095e+02
 4.4529500000e-01  5.9596278971e+02
 4.4604000000e-01  5.7159426169e+02
 4.4678500000e-01  5.3740570610e+02
 4.4753000000e-01  4.9485318951e+02
 4.4827500000e-01  4.4571891485e+02
 4.4902000000e-01  3.9201773712e+02
 4.4976500000e-01  3.3589355539e+02
 4.5051000000e-01  2.7951160738e+02
 4.5125500000e-01  2.2495276150e+02
 4.5200000000e-01  1.7411560026e+02
 4.5274500000e-01  1.2863145034e+02
 4.5349000000e-01  8.9796589165e+01
 4.5423500000e-01  5.8524715348e+01
 4.5498000000e-01  3.5321487140e+01
 4.5572500000e-01  2.0281596244e+01
 4.5647000000e-01  1.3107535515e+01
 4.5721500000e-01  1.3148018135e+01
 4.5796000000e-01  1.9452979866e+01
 4.5870500000e-01  3.0841299016e+01
 4.5945000000e-01  4.5976837445e+01
 4.6019500000e-01  6.3448158980e+01
 4.6094000000e-01  8.1847318986e+01
 4.6168500000e-01  9.9843423292e+01
 4.6243000000e-01  1.1624719348e+02
 4.6317500000e-01  1.3006350368e+02
 4.6392000000e-01  1.4052971747e+02
 4.6466500000e-01  1.4713859315e+02
 4.6541000000e-01  1.4964548199e+02
 4.6615500000e-01  1.4806045851e+02
 4.6690000000e-01  1.4262684440e+02
 4.6764500000e-01  1.3378827433e+02
 4.6839000000e-01  1.2214697115e+02
 4.6913500000e-01  1.0841622984e+02
 4.6988000000e-01  9.3370245584e+01
 4.7062500000e-01  7.7794366757e+01
 4.7137000000e-01  6.2438622608e+01
 4.7211500000e-01  4.7976993116e+01
 4.7286000000e-01  3.4974386639e+01
 4.7360500000e-01  2.3862706164e+01
 4.7435000000e-01  1.4926756674e+01
 4.7509500000e-01  8.3001136355e+00
 4.7584000000e-01  3.9704732035e+00
 4.7658500000e-01  1.7934712615e+00
 4.7733000000e-01  1.5135183088e+00
 4.7807500000e-01  2.7898705094e+00
 4.7882000000e-01  5.2259565695e+00
 4.7956500000e-01  8.3999099701e+00
 4.8031000000e-01  1.1894313231e+01
 4.8105500000e-01  1.5323334858e+01
 4.8180000000e-01  1.8355713811e+01
 4.8254500000e-01  2.0732399087e+01
 4.8329000000e-01  2.2278058276e+01
 4.8403500000e-01  2.2906101668e+01
 4.8478000000e-01  2.2617300361e+01
 4.8552500000e-01  2.1492481801e+01
 4.8627000000e-01  1.9680140917e+01
 4.8701500000e-01  1.7380090083e+01
 4.8776000000e-01  1.4824472042e+01
 4.8850500000e-01  1.2257567813e+01
 4.8925000000e-01  9.9158433670e+00
 4.8999500000e-01  8.0095975983e+00
 4.9074000000e-01  6.7074082180e+00
 4.9148500000e-01  6.1243351690e+00
 4.9223000000e-01  6.3145504214e+00
 4.9297500000e-01  7.2687388023e+00
 4.9372000000e-01  8.9162786594e+00
 4.9446500000e-01  1.1131885617e+01
 4.9521000000e-01  1.3746108221e+01
 4.9595500000e-01  1.6558819176e+01
 4.9670000000e-01  1.9354664904e+01
 4.9744500000e-01  2.1919329498e+01
 4.9819000000e-01  2.4055442165e+01
 4.9893500000e-01  2.5597009843e+01
 4.9968000000e-01  2.6421383584e+01
 5.0042500000e-01  2.6457958661e+01
 5.0117000000e-01  2.5693049890e+01
 5.0191500000e-01  2.4170658470e+01
 5.0266000000e-01  2.1989135444e+01
 5.0340500000e-01  1.9294030212e+01
 5.0415000000e-01  1.6267671205e+01
 5.0489500000e-01  1.3116243025e+01
 5.0564000000e-01  1.0055285866e+01
 5.0638500000e-01  7.2946390059e+00
 5.0713000000e-01  5.0238750435e+00
 5.0787500000e-01  3.3992247031e+00
 5.0862000000e-01  2.5328778408e+00
 5.0936500000e-01  2.4853733261e+00
 5.1011000000e-01  3.2615714328e+00
 5.1085500000e-01  4.8104526984e+00
 5.1160000000e-01  7.0287242519e+00
 5.1234500000e-01  9.7679563495e+00
 5.1309000000e-01  1.2844735667e+01
 5.1383500000e-01  1.6053123420e+01
 5.1458000000e-01  1.9178558462e+01
 5.1532500000e-01  2.2012257366e+01
 5.1607000000e-01  2.4365140247e+01
 5.1681500000e-01  2.6080353256e+01
 5.1756000000e-01  2.7043562615e+01
 5.1830500000e-01  2.7190352807e+01
 5.1905000000e-01  2.6510261758e+01
 5.1979500000e-01  2.5047214664e+01
 5.2054000000e-01  2.2896359699e+01
 5.2128500000e-01  2.0197547144e+01
 5.2203000000e-01  1.7125912570e+01
 5.2277500000e-01  1.3880210555e+01
 5.2352000000e-01  1.0669686149e+01
 5.2426500000e-01  7.7003584342e+00
 5.2501000000e-01  5.1616191059e+00
 5.2575500000e-01  3.2140181217e+00
 5.2650000000e-01  1.9790210470e+00
 5.2724500000e-01  1.5313853514e+00
 5.2799000000e-01  1.8946253211e+00
 5.2873500000e-01  3.0398295841e+00
 5.2948000000e-01  4.8878752571e+00
 5.3022500000e-01  7.3148628435e+00
 5.3097000000e-01  1.0160390405e+01
 5.3171500000e-01  1.3238107181e+01
 5.3246000000e-01  1.6347846783e+01
 5.3320500000e-01  1.9288546663e+01
 5.3395000000e-01  2.1871119127e+01
 5.3469500000e-01  2.3930451429e+01
 5.3544000000e-01  2.5335777084e+01
 5.3618500000e-01  2.5998772434e+01
 5.3693000000e-01  2.5878884095e+01
 5.3767500000e-01  2.4985573967e+01
 5.3842000000e-01  2.3377367254e+01
 5.3916500000e-01  2.1157792640e+01
 5.3991000000e-01  1.8468499509e+01
 5.4065500000e-01  1.5480012748e+01
 5.4140000000e-01  1.2380730390e+01
 5.4214500000e-01  9.3648744893e+00
 5.4289000000e-01  6.6201650494e+00
 5.4363500000e-01  4.3159972822e+00
 5.4438000000e-01  2.5928639062e+00
 5.4512500000e-01  1.5536794443e+00
 5.4587000000e-01  1.2575383333e+00
 5.4661500000e-01  1.7162812903e+00
 5.4736000000e-01  2.8940648999e+00
 5.4810500000e-01  4.7099391824e+00
 5.4885000000e-01  7.0432489267e+00
 5.4959500000e-01  9.7414985946e+00
 5.5034000000e-01  1.2630168514e+01
 5.5108500000e-01  1.5523851187e+01
 5.5183000000e-01  1.8237998044e+01
 5.5257500000e-01  2.0600533481e+01
 5.5332000000e-01  2.2462606394e+01
 5.5406500000e-01  2.3707808440e+01
 5.5481000000e-01  2.4259289046e+01
 5.5555500000e-01  2.4084333132e+01
 5.5630000000e-01  2.3196129906e+01
 5.5704500000e-01  2.1652639588e+01
 5.5779000000e-01  1.9552648262e+01
 5.5853500000e-01  1.7029277580e+01
 5.5928000000e-01  1.4241374823e+01
 5.6002500000e-01  1.1363339814e+01
 5.6077000000e-01  8.5740402957e+00
 5.6151500000e-01  6.0455208669e+00
 5.6226000000e-01  3.9322191336e+00
 5.6300500000e-01  2.3613661718e+00
 5.6375000000e-01  1.4251691949e+00
 5.6449500000e-01  1.1752577532e+00
 5.6524000000e-01  1.6197284500e+00
 5.6598500000e-01  2.7229564997e+00
 5.6673000000e-01  4.4081661797e+00
 5.6747500000e-01  6.5625776122e+00
 5.6822000000e-01  9.0447854507e+00
 5.6896500000e-01  1.1693886170e+01
 5.6971000000e-01  1.4339763463e+01
 5.7045500000e-01  1.6813872363e+01
 5.7120000000e-01  1.8959836241e+01
 5.7194500000e-01  2.0643188186e+01
 5.7269000000e-01  2.1759648014e+01
 5.7343500000e-01  2.2241424092e+01
 5.7418000000e-01  2.2061158810e+01
 5.7492500000e-01  2.1233289299e+01
 5.7567000000e-01  1.9812760902e+01
 5.7641500000e-01  1.7891199302e+01
 5.7716000000e-01  1.5590807278e+01
 5.7790500000e-01  1.3056393641e+01
 5.7865000000e-01  1.0446056202e+01
 5.7939500000e-01  7.9211205577e+00
 5.8014000000e-01  5.6359773515e+00
 5.8088500000e-01  3.7284602939e+00
 5.8163000000e-01  2.3113660543e+00
 5.8237500000e-01  1.4656383089e+00
 5.8312000000e-01  1.2356271635e+00
 5.8386500000e-01  1.6266993572e+00
 5.8461000000e-01  2.6053230102e+00
 5.8535500000e-01  4.1015930660e+00
 5.8610000000e-01  6.0140100649e+00
 5.8684500000e-01  8.2161851672e+00
 5.8759000000e-01  1.0565027096e+01
 5.8833500000e-01  1.2909879000e+01
 5.8908000000e-01  1.5102020285e+01
 5.8982500000e-01  1.7003933115e+01
 5.9057000000e-01  1.8497755900e+01
 5.9131500000e-01  1.9492404758e+01
 5.9206000000e-01  1.9928934432e+01
 5.9280500000e-01  1.9783826180e+01
 5.9355000000e-01  1.9070024259e+01
 5.9429500000e-01  1.7835685829e+01
 5.9504000000e-01  1.6160752584e+01
 5.9578500000e-01  1.4151586868e+01
 5.9653000000e-01  1.1934032472e+01
 5.9727500000e-01  9.6453534119e+00
 5.9802000000e-01  7.4255675023e+00
 5.9876500000e-01  5.4087218706e+00
 5.9951000000e-01  3.7146533702e+00
 6.0025500000e-01  2.4417389749e+00
 6.0100000000e-01  1.6610725247e+00
 6.0174500000e-01  1.4124094303e+00
 6.0249000000e-01  1.7021064177e+00
 6.0323500000e-01  2.5031565071e+00
 6.0398000000e-01  3.7572882435e+00
 6.0472500000e-01  5.3789708902e+00
 6.0547000000e-01  7.2610516932e+00
 6.0621500000e-01  9.2816543571e+00
 6.0696000000e-01  1.1311895255e+01
 6.0770500000e-01  1.3223929710e+01
 6.0845000000e-01  1.4898827231e+01
 6.0919500000e-01  1.6233792221e+01
 6.0994000000e-01  1.7148293826e+01
 6.1068500000e-01  1.7588741929e+01
 6.1143000000e-01  1.7531440950e+01
 6.1217500000e-01  1.6983662834e+01
 6.1292000000e-01  1.5982798646e+01
 6.1366500000e-01  1.4593666917e+01
 6.1441000000e-01  1.2904169251e+01
 6.1515500000e-01  1.1019582704e+01
 6.1590000000e-01  9.0558583288e+00
 6.1664500000e-01  7.1323513425e+00
 6.1739000000e-01  5.3644375391e+00
 6.1813500000e-01  3.8564714154e+00
 6.1888000000e-01  2.6955143339e+00
 6.1962500000e-01  1.9462079735e+00
 6.2037000000e-01  1.6470929145e+00
 6.2111500000e-01  1.8085794020e+00
 6.2186000000e-01  2.4126730589e+00
 6.2260500000e-01  3.4144491327e+00
 6.2335000000e-01  4.7451615204e+00
 6.2409500000e-01  6.3167739010e+00
 6.2484000000e-01  8.0276157696e+00
 6.2558500000e-01  9.7688010202e+00
 6.2633000000e-01  1.1431004707e+01
 6.2707500000e-01  1.2911177018e+01
 6.2782000000e-01  1.4118782974e+01
 6.2856500000e-01  1.4981191047e+01
 6.2931000000e-01  1.5447891223e+01
 6.3005500000e-01  1.5493299283e+01
 6.3080000000e-01  1.5117994238e+01
 6.3154500000e-01  1.4348334160e+01
 6.3229000000e-01  1.3234496072e+01
 6.3303500000e-01  1.1847081705e+01
 6.3378000000e-01  1.0272517093e+01
 6.3452500000e-01  8.6075448979e+00
 6.3527000000e-01  6.9531599007e+00
 6.3601500000e-01  5.4083674004e+00
 6.3676000000e-01  4.0641497550e+00
 6.3750500000e-01  2.9980080759e+00
 6.3825000000e-01  2.2694055368e+00
 6.3899500000e-01  1.9163787486e+00
 6.3974000000e-01  1.9535081399e+00
 6.4048500000e-01  2.3713521584e+00
 6.4123000000e-01  3.1373588249e+00
 6.4197500000e-01  4.1981774275e+00
 6.4272000000e-01  5.4832085046e+00
 6.4346500000e-01  6.9091568462e+00
 6.4421000000e-01  8.3852943783e+00
 6.4495500000e-01  9.8191007887e+00
 6.4570000000e-01  1.1121931702e+01
 6.4644500000e-01  1.2214367891e+01
 6.4719000000e-01  1.3030923830e+01
 6.4793500000e-01  1.3523837988e+01
 6.4868000000e-01  1.3665727645e+01
 6.4942500000e-01  1.3450963632e+01
 6.5017000000e-01  1.2895700719e+01
 6.5091500000e-01  1.2036582294e+01
 6.5166000000e-01  1.0928218362e+01
 6.5240500000e-01  9.6396089854e+00
 6.5315000000e-01  8.2497466517e+00
 6.5389500000e-01  6.8426772190e+00
 6.5464000000e-01  5.5023275111e+00
 6.5538500000e-01  4.3074168571e+00
 6.5613000000e-01  3.3267597189e+00
 6.5687500000e-01  2.6152379432e+00
 6.5762000000e-01  2.2106761956e+00
 6.5836500000e-01  2.1317957713e+00
 6.5911000000e-01  2.3773540117e+00
 6.5985500000e-01  2.9265032477e+00
 6.6060000000e-01  3.7403290535e+00
 6.6134500000e-01  4.7644571241e+00
 6.6209000000e-01  5.9325554324e+00
 6.6283500000e-01  7.1705071430e+00
 6.6358000000e-01  8.4009928967e+00
 6.6432500000e-01  9.5482005251e+00
 6.6507000000e-01  1.0542376941e+01
 6.6581500000e-01  1.1323950790e+01
 6.6656000000e-01  1.1846984332e+01
 6.6730500000e-01  1.2081756864e+01
 6.6805000000e-01  1.2016337013e+01
 6.6879500000e-01  1.1657063876e+01
 6.6954000000e-01  1.1027923472e+01
 6.7028500000e-01  1.0168873282e+01
 6.7103000000e-01  9.1332297689e+00
 6.7177500000e-01  7.9842881832e+00
 6.7252000000e-01  6.7913874634e+00
 6.7326500000e-01  5.6256632569e+00
 6.7401000000e-01  4.5557474246e+00
 6.7475500000e-01  3.6436721407e+00
 6.7550000000e-01  2.9412211038e+00
 6.7624500000e-01  2.4869405743e+00
 6.7699000000e-01  2.3039808943e+00
 6.7773500000e-01  2.3988874928e+00
 6.7848000000e-01  2.7614022963e+00
 6.7922500000e-01  3.3652754833e+00
 6.7997000000e-01  4.1700272706e+00
 6.8071500000e-01  5.1235434603e+00
 6.8146000000e-01  6.1653400632e+00
 6.8220500000e-01  7.2302942306e+00
 6.8295000000e-01  8.2526131005e+00
 6.8369500000e-01  9.1698003919e+00
 6.8444000000e-01  9.9263832057e+00
 6.8518500000e-01  1.0477178216e+01
 6.8593000000e-01  1.0789906142e+01
 6.8667500000e-01  1.0847004177e+01
 6.8742000000e-01  1.0646535441e+01
 6.8816500000e-01  1.0202149439e+01
 6.8891000000e-01  9.5421047456e+00
 6.8965500000e-01  8.7074211713e+00
 6.9040000000e-01  7.7492802617e+00
 6.9114500000e-01  6.7258370478e+00
 6.9189000000e-01  5.6986399591e+00
 6.9263500000e-01  4.7288777679e+00
 6.9338000000e-01  3.8736811241e+00
 6.9412500000e-01  3.1827012236e+00
 6.9487000000e-01  2.6951698277e+00
 6.9561500000e-01  2.4376143730e+00
 6.9636000000e-01  2.4223611900e+00
 6.9710500000e-01  2.6469113683e+00
 6.9785000000e-01  3.0942205326e+00
 6.9859500000e-01  3.7338589352e+00
 6.9934000000e-01  4.5239751571e+00
 7.0008500000e-01  5.4139385179e+00
 7.0083000000e-01  6.3474949225e+00
 7.0157500000e-01  7.2662407210e+00
 7.0232000000e-01  8.1132010156e+00
 7.0306500000e-01  8.8362937629e+00
 7.0381000000e-01  9.3914692540e+00
 7.0455500000e-01  9.7453355605e+00
 7.0530000000e-01  9.8771129841e+00
 7.0604500000e-01  9.7798024306e+00
 7.0679000000e-01  9.4605013533e+00
 7.0753500000e-01  8.9398534749e+00
 7.0828000000e-01  8.2506716792e+00
 7.0902500000e-01  7.4358239887e+00
 7.0977000000e-01  6.5455173341e+00
 7.1051500000e-01  5.6341501205e+00
 7.1126000000e-01  4.7569302190e+00
 7.1200500000e-01  3.9664683832e+00
 7.1275000000e-01  3.3095574488e+00
 7.1349500000e-01  2.8243350175e+00
 7.1424000000e-01  2.5380024857e+00
 7.1498500000e-01  2.4652378391e+00
 7.1573000000e-01  2.6073958167e+00
 7.1647500000e-01  2.9525396245e+00
 7.1722000000e-01  3.4762964282e+00
 7.1796500000e-01  4.1434776464e+00
 7.1871000000e-01  4.9103577794e+00
 7.1945500000e-01  5.7274651032e+00
 7.2020000000e-01  6.5427065307e+00
 7.2094500000e-01  7.3046292069e+00
 7.2169000000e-01  7.9656141552e+00
 7.2243500000e-01  8.4848029313e+00
 7.2318000000e-01  8.8305763565e+00
 7.2392500000e-01  8.9824337956e+00
 7.2467000000e-01  8.9321602043e+00
 7.2541500000e-01  8.6842137950e+00
 7.2616000000e-01  8.2553167406e+00
 7.2690500000e-01  7.6732816823e+00
 7.2765000000e-01  6.9751547279e+00
 7.2839500000e-01  6.2047981002e+00
 7.2914000000e-01  5.4100699371e+00
 7.2988500000e-01  4.6397828356e+00
 7.3063000000e-01  3.9406350938e+00
 7.3137500000e-01  3.3543085361e+00
 7.3212000000e-01  2.9149144043e+00
 7.3286500000e-01  2.6469449460e+00
 7.3361000000e-01  2.5638546510e+00
 7.3435500000e-01  2.6673538200e+00
 7.3510000000e-01  2.9474510027e+00
 7.3584500000e-01  3.3832328333e+00
 7.3659000000e-01  3.9443230039e+00
 7.3733500000e-01  4.5929195672e+00
 7.3808000000e-01  5.2862741269e+00
 7.3882500000e-01  5.9794499868e+00
 7.3957000000e-01  6.6281805948e+00
 7.4031500000e-01  7.1916455229e+00
 7.4106000000e-01  7.6349889050e+00
 7.4180500000e-01  7.9314240617e+00
 7.4255000000e-01  8.0637966334e+00
 7.4329500000e-01  8.0255149356e+00
 7.4404000000e-01  7.8207979969e+00
 7.4478500000e-01  7.4642360584e+00
 7.4553000000e-01  6.9797023115e+00
 7.4627500000e-01  6.3986954836e+00
 7.4702000000e-01  5.7582279542e+00
 7.4776500000e-01  5.0984012228e+00
 7.4851000000e-01  4.4598281274e+00
 7.4925500000e-01  3.8810682431e+00
