 5.0000000000e-03  4.5393292096e+01
 5.7450000000e-03  3.8966395984e+01
 6.4900000000e-03  3.2516215138e+01
 7.2350000000e-03  2.6273641247e+01
 7.9800000000e-03  2.0444882369e+01
 8.7250000000e-03  1.5201769904e+01
 9.4700000000e-03  1.0674470409e+01
 1.0215000000e-02  6.9469801903e+00
 1.0960000000e-02  4.0555875076e+00
 1.1705000000e-02  1.9902856511e+00
 1.2450000000e-02  6.9892432890e-01
 1.3195000000e-02  9.3710519278e-02
 1.3940000000e-02  5.9525234267e-02
 1.4685000000e-02  4.6341917058e-01
 1.5430000000e-02  1.1645944778e+00
 1.6175000000e-02  2.0241747423e+00
 1.6920000000e-02  2.9141099092e+00
 1.7665000000e-02  3.7246527338e+00
 1.8410000000e-02  4.3699706938e+00
 1.9155000000e-02  4.7916117051e+00
 1.9900000000e-02  4.9597112536e+00
 2.0645000000e-02  4.8719996276e+00
 2.1390000000e-02  4.5508278941e+00
 2.2135000000e-02  4.0385683538e+00
 2.2880000000e-02  3.3918496964e+00
 2.3625000000e-02  2.6751519779e+00
 2.4370000000e-02  1.9543081224e+00
 2.5115000000e-02  1.2904366461e+00
 2.5860000000e-02  7.3476789939e-01
 2.6605000000e-02  3.2472961463e-01
 2.7350000000e-02  8.1535787821e-02
 2.8095000000e-02  9.3865667398e-03
 2.8840000000e-02  9.6247414873e-02
 2.9585000000e-02  3.1604487230e-01
 3.0330000000e-02  6.3200424476e-01
 3.1075000000e-02  1.0007701894e+00
 3.1820000000e-02  1.3769005805e+00
 3.2565000000e-02  1.7173104004e+00
 3.3310000000e-02  1.9852656932e+00
 3.4055000000e-02  2.1535847022e+00
 3.4800000000e-02  2.2067882513e+00
 3.5545000000e-02  2.1420460413e+00
 3.6290000000e-02  1.9688801565e+00
 3.7035000000e-02  1.7077013835e+00
 3.7780000000e-02  1.3873579000e+00
 3.8525000000e-02  1.0419605704e+00
 3.9270000000e-02  7.0730745721e-01
 4.0015000000e-02  4.1725766665e-01
 4.0760000000e-02  2.0039955402e-01
 4.1505000000e-02  7.7321837363e-02
 4.2250000000e-02  5.8732275410e-02
 4.2995000000e-02  1.4458363831e-01
 4.3740000000e-02  3.2426887474e-01
 4.4485000000e-02  5.7784582505e-01
 4.5230000000e-02  8.7815589521e-01
 4.5975000000e-02  1.1936194779e+00
 4.6720000000e-02  1.4914308334e+00
 4.7465000000e-02  1.7408417986e+00
 4.8210000000e-02  1.9162197324e+00
 4.8955000000e-02  1.9995904615e+00
 4.9700000000e-02  1.9824289005e+00
 5.0445000000e-02  1.8665333299e+00
 5.1190000000e-02  1.6639069595e+00
 5.1935000000e-02  1.3956640975e+00
 5.2680000000e-02  1.0900692406e+00
 5.3425000000e-02  7.7989730678e-01
 5.4170000000e-02  4.9936478717e-01
 5.4915000000e-02  2.8091931586e-01
 5.5660000000e-02  1.5218583057e-01
 5.6405000000e-02  1.3335045399e-01
 5.7150000000e-02  2.3522036916e-01
 5.7895000000e-02  4.5813356633e-01
 5.8640000000e-02  7.9181262545e-01
 5.9385000000e-02  1.2161692355e+00
 6.0130000000e-02  1.7029791347e+00
 6.0875000000e-02  2.2182686351e+00
 6.1620000000e-02  2.7251910332e+00
 6.2365000000e-02  3.1871296064e+00
 6.3110000000e-02  3.5707471197e+00
 6.3855000000e-02  3.8487109875e+00
 6.4600000000e-02  4.0018572253e+00
 6.5345000000e-02  4.0206115081e+00
 6.6090000000e-02  3.9055565712e+00
 6.6835000000e-02  3.6671149645e+00
 6.7580000000e-02  3.3243972170e+00
 6.8325000000e-02  2.9033401991e+00
 6.9070000000e-02  2.4343220269e+00
 6.9815000000e-02  1.9494827246e+00
 7.0560000000e-02  1.4800004203e+00
 7.1305000000e-02  1.0535696255e+00
 7.2050000000e-02  6.9230197197e-01
 7.2795000000e-02  4.1122363644e-01
 7.3540000000e-02  2.1748241255e-01
 7.4285000000e-02  1.1030717742e-01
 7.5030000000e-02  8.1690265261e-02
 7.5775000000e-02  1.1769597289e-01
 7.6520000000e-02  2.0024243027e-01
 7.7265000000e-02  3.0916449336e-01
 7.8010000000e-02  4.2434557405e-01
 7.8755000000e-02  5.2770782431e-01
 7.9500000000e-02  6.0487214227e-01
 8.0245000000e-02  6.4633936900e-01
 8.0990000000e-02  6.4809739887e-01
 8.1735000000e-02  6.1162009929e-01
 8.2480000000e-02  5.4328663860e-01
 8.3225000000e-02  4.5330774396e-01
 8.3970000000e-02  3.5429285388e-01
 8.4715000000e-02  2.5962455871e-01
 8.5460000000e-02  1.8182120692e-01
 8.6205000000e-02  1.3106403227e-01
 8.6950000000e-02  1.1404251482e-01
 8.7695000000e-02  1.3323363669e-01
 8.8440000000e-02  1.8668146904e-01
 8.9185000000e-02  2.6828843529e-01
 8.9930000000e-02  3.6857445916e-01
 9.0675000000e-02  4.7581075955e-01
 9.1420000000e-02  5.7739636021e-01
 9.2165000000e-02  6.6132132058e-01
 9.2910000000e-02  7.1755357581e-01
 9.3655000000e-02  7.3919662249e-01
 9.4400000000e-02  7.2329180113e-01
 9.5145000000e-02  6.7117863533e-01
 9.5890000000e-02  5.8837527016e-01
 9.6635000000e-02  4.8399330063e-01
 9.7380000000e-02  3.6975164344e-01
 9.8125000000e-02  2.5869726967e-01
 9.8870000000e-02  1.6377205896e-01
 9.9615000000e-02  9.6381487336e-02
 1.0036000000e-01  6.5120643655e-02
 1.0110500000e-01  7.4796260044e-02
 1.0185000000e-01  1.2585186058e-01
 1.0259500000e-01  2.1426014642e-01
 1.0334000000e-01  3.3189690124e-01
 1.0408500000e-01  4.6735928842e-01
 1.0483000000e-01  6.0714384964e-01
 1.0557500000e-01  7.3706082779e-01
 1.0632000000e-01  8.4373571570e-01
 1.0706500000e-01  9.1603891049e-01
 1.0781000000e-01  9.4629111905e-01
 1.0855500000e-01  9.3111504324e-01
 1.0930000000e-01  8.7184051356e-01
 1.1004500000e-01  7.7441682760e-01
 1.1079000000e-01  6.4883772777e-01
 1.1153500000e-01  5.0813581376e-01
 1.1228000000e-01  3.6704884181e-01
 1.1302500000e-01  2.4049550291e-01
 1.1377000000e-01  1.4201916912e-01
 1.1451500000e-01  8.2362496299e-02
 1.1526000000e-01  6.8323133203e-02
 1.1600500000e-01  1.0201234958e-01
 1.1675000000e-01  1.8059704927e-01
 1.1749500000e-01  2.9655563210e-01
 1.1824000000e-01  4.3842468383e-01
 1.1898500000e-01  5.9196206950e-01
 1.1973000000e-01  7.4160805689e-01
 1.2047500000e-01  8.7209422588e-01
 1.2122000000e-01  9.7003351962e-01
 1.2196500000e-01  1.0253256605e+00
 1.2271000000e-01  1.0322302992e+00
 1.2345500000e-01  9.8999390252e-01
 1.2420000000e-01  9.0296210272e-01
 1.2494500000e-01  7.8016234721e-01
 1.2569000000e-01  6.3439671709e-01
 1.2643500000e-01  4.8093601568e-01
 1.2718000000e-01  3.3594831208e-01
 1.2792500000e-01  2.1482362601e-01
 1.2867000000e-01  1.3056831092e-01
 1.2941500000e-01  9.2436593396e-02
 1.3016000000e-01  1.0494317742e-01
 1.3090500000e-01  1.6736215724e-01
 1.3165000000e-01  2.7376762328e-01
 1.3239500000e-01  4.1361539797e-01
 1.3314000000e-01  5.7280907709e-01
 1.3388500000e-01  7.3514281839e-01
 1.3463000000e-01  8.8397342139e-01
 1.3537500000e-01  1.0039493965e+00
 1.3612000000e-01  1.0826176115e+00
 1.3686500000e-01  1.1117395874e+00
 1.3761000000e-01  1.0881785279e+00
 1.3835500000e-01  1.0142618192e+00
 1.3910000000e-01  8.9757758795e-01
 1.3984500000e-01  7.5022244797e-01
 1.4059000000e-01  5.8757473753e-01
 1.4133500000e-01  4.2671741489e-01
 1.4208000000e-01  2.8467209953e-01
 1.4282500000e-01  1.7662655837e-01
 1.4357000000e-01  1.1433995637e-01
 1.4431500000e-01  1.0489307270e-01
 1.4506000000e-01  1.4991606253e-01
 1.4580500000e-01  2.4537768765e-01
 1.4655000000e-01  3.8196219343e-01
 1.4729500000e-01  5.4599910615e-01
 1.4804000000e-01  7.2085346435e-01
 1.4878500000e-01  8.8863540535e-01
 1.4953000000e-01  1.0320537219e+00
 1.5027500000e-01  1.1362216587e+00
 1.5102000000e-01  1.1902266732e+00
 1.5176500000e-01  1.1882989391e+00
 1.5251000000e-01  1.1304537796e+00
 1.5325500000e-01  1.0225369307e+00
 1.5400000000e-01  8.7566307006e-01
 1.5474500000e-01  7.0510107902e-01
 1.5549000000e-01  5.2871749920e-01
 1.5623500000e-01  3.6513652604e-01
 1.5698000000e-01  2.3180569315e-01
 1.5772500000e-01  1.4316780233e-01
 1.5847000000e-01  1.0913029810e-01
 1.5921500000e-01  1.3399396793e-01
 1.5996000000e-01  2.1595644692e-01
 1.6070500000e-01  3.4724719370e-01
 1.6145000000e-01  5.1488538797e-01
 1.6219500000e-01  7.0198730272e-01
 1.6294000000e-01  8.8949187377e-01
 1.6368500000e-01  1.0581285005e+00
 1.6443000000e-01  1.1904243269e+00
 1.6517500000e-01  1.2725423166e+00
 1.6592000000e-01  1.2957571558e+00
 1.6666500000e-01  1.2574119542e+00
 1.6741000000e-01  1.1612513181e+00
 1.6815500000e-01  1.0170903237e+00
 1.6890000000e-01  8.3984767769e-01
 1.6964500000e-01  6.4803781268e-01
 1.7039000000e-01  4.6187389246e-01
 1.7113500000e-01  3.0117565915e-01
 1.7188000000e-01  1.8329823015e-01
 1.7262500000e-01  1.2129785276e-01
 1.7337000000e-01  1.2252804295e-01
 1.7411500000e-01  1.8781660153e-01
 1.7486000000e-01  3.1131498415e-01
 1.7560500000e-01  4.8104237969e-01
 1.7635000000e-01  6.8007471688e-01
 1.7709500000e-01  8.8826114440e-01
 1.7784000000e-01  1.0842944011e+00
 1.7858500000e-01  1.2479228667e+00
 1.7933000000e-01  1.3620751565e+00
 1.8007500000e-01  1.4146748784e+00
 1.8082000000e-01  1.3999531526e+00
 1.8156500000e-01  1.3191168156e+00
 1.8231000000e-01  1.1802958783e+00
 1.8305500000e-01  9.9776810309e-01
 1.8380000000e-01  7.9053386947e-01
 1.8454500000e-01  5.8038298555e-01
 1.8529000000e-01  3.8964957373e-01
 1.8603500000e-01  2.3888578873e-01
 1.8678000000e-01  1.4469609895e-01
 1.8752500000e-01  1.1795977551e-01
 1.8827000000e-01  1.6263127911e-01
 1.8901500000e-01  2.7525010022e-01
 1.8976000000e-01  4.4521912085e-01
 1.9050500000e-01  6.5583111253e-01
 1.9125000000e-01  8.8594475797e-01
 1.9199500000e-01  1.1121427434e+00
 1.9274000000e-01  1.3111522881e+00
 1.9348500000e-01  1.4622785820e+00
 1.9423000000e-01  1.5495973629e+00
 1.9497500000e-01  1.5636750186e+00
 1.9572000000e-01  1.5026311512e+00
 1.9646500000e-01  1.3724249239e+00
 1.9721000000e-01  1.1863260570e+00
 1.9795500000e-01  9.6361590433e-01
 1.9870000000e-01  7.2764489742e-01
 1.9944500000e-01  5.0344130564e-01
 2.0019000000e-01  3.1511544368e-01
 2.0093500000e-01  1.8332778911e-01
 2.0168000000e-01  1.2308612231e-01
 2.0242500000e-01  1.4210576937e-01
 2.0317000000e-01  2.3991120817e-01
 2.0391500000e-01  4.0778219162e-01
 2.0466000000e-01  6.2956073308e-01
 2.0540500000e-01  8.8324568310e-01
 2.0615000000e-01  1.1432185046e+00
 2.0689500000e-01  1.3828759698e+00
 2.0764000000e-01  1.5774001257e+00
 2.0838500000e-01  1.7063780267e+00
 2.0913000000e-01  1.7559956340e+00
 2.0987500000e-01  1.7205710743e+00
 2.1062000000e-01  1.6032582828e+00
 2.1136500000e-01  1.4158363801e+00
 2.1211000000e-01  1.1775944248e+00
 2.1285500000e-01  9.1341574324e-01
 2.1360000000e-01  6.5125101690e-01
 2.1434500000e-01  4.1923571445e-01
 2.1509000000e-01  2.4274812091e-01
 2.1583500000e-01  1.4171453834e-01
 2.1658000000e-01  1.2844672004e-01
 2.1732500000e-01  2.0624504645e-01
 2.1807000000e-01  3.6892430941e-01
 2.1881500000e-01  6.0132487382e-01
 2.1956000000e-01  8.8076999369e-01
 2.2030500000e-01  1.1793306913e+00
 2.2105000000e-01  1.4666732591e+00
 2.2179500000e-01  1.7132003083e+00
 2.2254000000e-01  1.8931613696e+00
 2.2328500000e-01  1.9874074300e+00
 2.2403000000e-01  1.9854961164e+00
 2.2477500000e-01  1.8869176549e+00
 2.2552000000e-01  1.7013000937e+00
 2.2626500000e-01  1.4475567434e+00
 2.2701000000e-01  1.1520487139e+00
 2.2775500000e-01  8.4593943312e-01
 2.2850000000e-01  5.6200518379e-01
 2.2924500000e-01  3.3122664706e-01
 2.2999000000e-01  1.7951442711e-01
 2.3073500000e-01  1.2491311774e-01
 2.3148000000e-01  1.7558396343e-01
 2.3222500000e-01  3.2878963039e-01
 2.3297000000e-01  5.7100350787e-01
 2.3371500000e-01  8.7915045202e-01
 2.3446000000e-01  1.2228677764e+00
 2.3520500000e-01  1.5675668571e+00
 2.3595000000e-01  1.8779884229e+00
 2.3669500000e-01  2.1218878935e+00
 2.3744000000e-01  2.2734674320e+00
 2.3818500000e-01  2.3161913680e+00
 2.3893000000e-01  2.2446799021e+00
 2.3967500000e-01  2.0654671012e+00
 2.4042000000e-01  1.7965241918e+00
 2.4116500000e-01  1.4655764814e+00
 2.4191000000e-01  1.1073688106e+00
 2.4265500000e-01  7.6014706279e-01
 2.4340000000e-01  4.6170993480e-01
 2.4414500000e-01  2.4543640913e-01
 2.4489000000e-01  1.3670419654e-01
 2.4563500000e-01  1.5008106613e-01
 2.4638000000e-01  2.8759715526e-01
 2.4712500000e-01  5.3829901443e-01
 2.4787000000e-01  8.7915587563e-01
 2.4861500000e-01  1.2772485976e+00
 2.4936000000e-01  1.6930363595e+00
 2.5010500000e-01  2.0843796481e+00
 2.5085000000e-01  2.4109129153e+00
 2.5159500000e-01  2.6383159478e+00
 2.5234000000e-01  2.7420348836e+00
 2.5308500000e-01  2.7100526206e+00
 2.5383000000e-01  2.5443999111e+00
 2.5457500000e-01  2.2612239953e+00
 2.5532000000e-01  1.8893787898e+00
 2.5606500000e-01  1.4676544789e+00
 2.5681000000e-01  1.0409089675e+00
 2.5755500000e-01  6.5548377513e-01
 2.5830000000e-01  3.5436957359e-01
 2.5904500000e-01  1.7262231889e-01
 2.5979000000e-01  1.3351511983e-01
 2.6053500000e-01  2.4584420995e-01
 2.6128000000e-01  5.0269554767e-01
 2.6202500000e-01  8.8183237948e-01
 2.6277000000e-01  1.3476980762e+00
 2.6351500000e-01  1.8548595735e+00
 2.6426000000e-01  2.3525623635e+00
 2.6500500000e-01  2.7899445920e+00
 2.6575000000e-01  3.1213789471e+00
 2.6649500000e-01  3.3113858683e+00
 2.6724000000e-01  3.3385939595e+00
 2.6798500000e-01  3.1983112631e+00
 2.6873000000e-01  2.9034063323e+00
 2.6947500000e-01  2.4833678120e+00
 2.7022000000e-01  1.9815985874e+00
 2.7096500000e-01  1.4511863940e+00
 2.7171000000e-01  9.4955769092e-01
 2.7245500000e-01  5.3254794387e-01
 2.7320000000e-01  2.4849517024e-01
 2.7394500000e-01  1.3297576404e-01
 2.7469000000e-01  2.0474950520e-01
 2.7543500000e-01  4.6336815687e-01
 2.7618000000e-01  8.8873941704e-01
 2.7692500000e-01  1.4427409238e+00
 2.7767000000e-01  2.0727671827e+00
 2.7841500000e-01  2.7168873664e+00
 2.7916000000e-01  3.3101154267e+00
 2.7990500000e-01  3.7911649366e+00
 2.8065000000e-01  4.1089941617e+00
 2.8139500000e-01  4.2284506144e+00
 2.8214000000e-01  4.1344001717e+00
 2.8288500000e-01  3.8338677621e+00
 2.8363000000e-01  3.3559115927e+00
 2.8437500000e-01  2.7491820523e+00
 2.8512000000e-01  2.0773568687e+00
 2.8586500000e-01  1.4128711375e+00
 2.8661000000e-01  8.2955052202e-01
 2.8735500000e-01  3.9488751302e-01
 2.8810000000e-01  1.6275886936e-01
 2.8884500000e-01  1.6735913712e-01
 2.8959000000e-01  4.1902059173e-01
 2.9033500000e-01  9.0241261403e-01
 2.9108000000e-01  1.5773797211e+00
 2.9182500000e-01  2.3824098608e+00
 2.9257000000e-01  3.2404499247e+00
 2.9331500000e-01  4.0665320282e+00
 2.9406000000e-01  4.7764688486e+00
 2.9480500000e-01  5.2957419466e+00
 2.9555000000e-01  5.5676595696e+00
 2.9629500000e-01  5.5599075416e+00
 2.9704000000e-01  5.2687564905e+00
 2.9778500000e-01  4.7204092776e+00
 2.9853000000e-01  3.9692537634e+00
 2.9927500000e-01  3.0931007773e+00
 3.0002000000e-01  2.1858038450e+00
 3.0076500000e-01  1.3479431787e+00
 3.0151000000e-01  6.7648105964e-01
 3.0225500000e-01  2.5443380013e-01
 3.0300000000e-01  1.4163981402e-01
 3.0374500000e-01  3.6762691340e-01
 3.0449000000e-01  9.2739891550e-01
 3.0523500000e-01  1.7806872298e+00
 3.0598000000e-01  2.8548724526e+00
 3.0672500000e-01  4.0514069439e+00
 3.0747000000e-01  5.2551992932e+00
 3.0821500000e-01  6.3460937683e+00
 3.0896000000e-01  7.2113275973e+00
 3.0970500000e-01  7.7577048396e+00
 3.1045000000e-01  7.9222064146e+00
 3.1119500000e-01  7.6798682072e+00
 3.1194000000e-01  7.0479964537e+00
 3.1268500000e-01  6.0861322354e+00
 3.1343000000e-01  4.8915937192e+00
 3.1417500000e-01  3.5908759322e+00
 3.1492000000e-01  2.3276284024e+00
 3.1566500000e-01  1.2483153927e+00
 3.1641000000e-01  4.8695005934e-01
 3.1715500000e-01  1.5044937959e-01
 3.1790000000e-01  3.0615980258e-01
 3.1864500000e-01  9.7294762689e-01
 3.1939000000e-01  2.1169423009e+00
 3.2013500000e-01  3.6525899849e+00
 3.2088000000e-01  5.4491573111e+00
 3.2162500000e-01  7.3422702237e+00
 3.2237000000e-01  9.1495348612e+00
 3.2311500000e-01  1.0688822062e+01
 3.2386000000e-01  1.1797454755e+01
 3.2460500000e-01  1.2350358545e+01
 3.2535000000e-01  1.2275245930e+01
 3.2609500000e-01  1.1563111616e+01
 3.2684000000e-01  1.0272708777e+01
 3.2758500000e-01  8.5282231863e+00
 3.2833000000e-01  6.5100163722e+00
 3.2907500000e-01  4.4390098055e+00
 3.2982000000e-01  2.5559616578e+00
 3.3056500000e-01  1.0974766584e+00
 3.3131000000e-01  2.7102454713e-01
 3.3205500000e-01  2.3147216886e-01
 3.3280000000e-01  1.0616247720e+00
 3.3354500000e-01  2.7590118349e+00
 3.3429000000e-01  5.2306541117e+00
 3.3503500000e-01  8.2968479546e+00
 3.3578000000e-01  1.1704158386e+01
 3.3652500000e-01  1.5146898986e+01
 3.3727000000e-01  1.8295480231e+01
 3.3801500000e-01  2.0829217128e+01
 3.3876000000e-01  2.2470585127e+01
 3.3950500000e-01  2.3017569795e+01
 3.4025000000e-01  2.2370719211e+01
 3.4099500000e-01  2.0551800110e+01
 3.4174000000e-01  1.7711571324e+01
 3.4248500000e-01  1.4125081692e+01
 3.4323000000e-01  1.0174006476e+01
 3.4397500000e-01  6.3167646549e+00
 3.4472000000e-01  3.0484008933e+00
 3.4546500000e-01  8.5335493589e-01
 3.4621000000e-01  1.5516498347e-01
 3.4695500000e-01  1.2677611097e+00
 3.4770000000e-01  4.3532240272e+00
 3.4844500000e-01  9.3906688677e+00
 3.4919000000e-01  1.6160255331e+01
 3.4993500000e-01  2.4245256250e+01
 3.5068000000e-01  3.3053706486e+01
 3.5142500000e-01  4.1859507384e+01
 3.5217000000e-01  4.9861109701e+01
 3.5291500000e-01  5.6254186954e+01
 3.5366000000e-01  6.0313192965e+01
 3.5440500000e-01  6.1475514209e+01
 3.5515000000e-01  5.9421200471e+01
 3.5589500000e-01  5.4141074127e+01
 3.5664000000e-01  4.5986425173e+01
 3.5738500000e-01  3.5694494542e+01
 3.5813000000e-01  2.4385481402e+01
 3.5887500000e-01  1.3528783148e+01
 3.5962000000e-01  4.8784512042e+00
 3.6036500000e-01  3.8025224699e-01
 3.6111000000e-01  2.0550762599e+00
 3.6185500000e-01  1.1865539948e+01
 3.6260000000e-01  3.1574319224e+01
 3.6334500000e-01  6.2603857734e+01
 3.6409000000e-01  1.0590753024e+02
 3.6483500000e-01  1.6186203082e+02
 3.6558000000e-01  2.3018970399e+02
 3.6632500000e-01  3.0991779702e+02
 3.6707000000e-01  3.9937929522e+02
 3.6781500000e-01  4.9625726669e+02
 3.6856000000e-01  5.9767168292e+02
 3.6930500000e-01  7.0030471345e+02
 3.7005000000e-01  8.0055773519e+02
 3.7079500000e-01  8.9473096009e+02
 3.7154000000e-01  9.7921484597e+02
 3.7228500000e-01  1.0506814524e+03
 3.7303000000e-01  1.1062637171e+03
 3.7377500000e-01  1.1437112827e+03
 3.7452000000e-01  1.1615129511e+03
 3.7526500000e-01  1.1589779946e+03
 3.7601000000e-01  1.1362712358e+03
 3.7675500000e-01  1.0943998538e+03
 3.7750000000e-01  1.0351530355e+03
 3.7824500000e-01  9.6099866637e+02
 3.7899000000e-01  8.7494400191e+02
 3.7973500000e-01  7.8036950360e+02
 3.8048000000e-01  6.8084659860e+02
 3.8122500000e-01  5.7995092889e+02
 3.8197000000e-01  4.8108265275e+02
 3.8271500000e-01  3.8730456328e+02
 3.8346000000e-01  3.0120727215e+02
 3.8420500000e-01  2.2480859797e+02
 3.8495000000e-01  1.5949176755e+02
 3.8569500000e-01  1.0598427753e+02
 3.8644000000e-01  6.4376482713e+01
 3.8718500000e-01  3.4176375801e+01
 3.8793000000e-01  1.4394784115e+01
 3.8867500000e-01  3.6534806411e+00
 3.8942000000e-01  3.0759350638e-01
 3.9016500000e-01  2.5732544471e+00
 3.9091000000e-01  8.6516538900e+00
 3.9165500000e-01  1.6841518350e+01
 3.9240000000e-01  2.5633400038e+01
 3.9314500000e-01  3.3780938055e+01
 3.9389000000e-01  4.0346260511e+01
 3.9463500000e-01  4.4718781485e+01
 3.9538000000e-01  4.6608643059e+01
 3.9612500000e-01  4.6017813241e+01
 3.9687000000e-01  4.3193254635e+01
 3.9761500000e-01  3.8567540348e+01
 3.9836000000e-01  3.2692767161e+01
 3.9910500000e-01  2.6173597221e+01
 3.9985000000e-01  1.9604784322e+01
 4.0059500000e-01  1.3517679518e+01
 4.0134000000e-01  8.3390608042e+00
 4.0208500000e-01  4.3643075642e+00
 4.0283000000e-01  1.7455639753e+00
 4.0357500000e-01  4.9422436834e-01
 4.0432000000e-01  4.9593192221e-01
 4.0506500000e-01  1.5353929526e+00
 4.0581000000e-01  3.3277280756e+00
 4.0655500000e-01  5.5528341326e+00
 4.0730000000e-01  7.8893118383e+00
 4.0804500000e-01  1.0044890427e+01
 4.0879000000e-01  1.1780895453e+01
 4.0953500000e-01  1.2929085801e+01
 4.1028000000e-01  1.3400047956e+01
 4.1102500000e-01  1.3183195575e+01
 4.1177000000e-01  1.2339202441e+01
 4.1251500000e-01  1.0986332106e+01
 4.1326000000e-01  9.2825709572e+00
 4.1400500000e-01  7.4056971896e+00
 4.1475000000e-01  5.5334223963e+00
 4.1549500000e-01  3.8255422789e+00
 4.1624000000e-01  2.4096634727e+00
 4.1698500000e-01  1.3715831589e+00
 4.1773000000e-01  7.5084365843e-01
 4.1847500000e-01  5.4142425878e-01
 4.1922000000e-01  6.9702222691e-01
 4.1996500000e-01  1.1399607410e+00
 4.2071000000e-01  1.7724771296e+00
 4.2145500000e-01  2.4890090516e+00
 4.2220000000e-01  3.1881117999e+00
 4.2294500000e-01  3.7827942136e+00
 4.2369000000e-01  4.2083281026e+00
 4.2443500000e-01  4.4269312250e+00
 4.2518000000e-01  4.4291057023e+00
 4.2592500000e-01  4.2317901025e+00
 4.2667000000e-01  3.8738152531e+00
 4.2741500000e-01  3.4094090848e+00
 4.2816000000e-01  2.9006522566e+00
 4.2890500000e-01  2.4098333722e+00
 4.2965000000e-01  1.9925918013e+00
 4.3039500000e-01  1.6925803226e+00
 4.3114000000e-01  1.5381513349e+00
 4.3188500000e-01  1.5412982263e+00
 4.3263000000e-01  1.6987999619e+00
 4.3337500000e-01  1.9952541494e+00
 4.3412000000e-01  2.4074702264e+00
 4.3486500000e-01  2.9095519810e+00
 4.3561000000e-01  3.4779407455e+00
 4.3635500000e-01  4.0957209665e+00
 4.3710000000e-01  4.7556023301e+00
 4.3784500000e-01  5.4611722460e+00
 4.3859000000e-01  6.2262373342e+00
 4.3933500000e-01  7.0723162113e+00
 4.4008000000e-01  8.0245804327e+00
 4.4082500000e-01  9.1067395010e+00
 4.4157000000e-01  1.0335507275e+01
 4.4231500000e-01  1.1715355354e+01
 4.4306000000e-01  1.3234246640e+01
 4.4380500000e-01  1.4860950629e+01
 4.4455000000e-01  1.6544380938e+01
 4.4529500000e-01  1.8215182396e+01
 4.4604000000e-01  1.9789552472e+01
 4.4678500000e-01  2.1175035639e+01
 4.4753000000e-01  2.2277805793e+01
 4.4827500000e-01  2.3010774611e+01
 4.4902000000e-01  2.3301752005e+01
 4.4976500000e-01  2.3100850541e+01
 4.5051000000e-01  2.2386373431e+01
 4.5125500000e-01  2.1168551118e+01
 4.5200000000e-01  1.9490682851e+01
 4.5274500000e-01  1.7427478137e+01
 4.5349000000e-01  1.5080655414e+01
 4.5423500000e-01  1.2572115777e+01
 4.5498000000e-01  1.0035242663e+01
 4.5572500000e-01  7.6050611747e+00
 4.5647000000e-01  5.4081053353e+00
 4.5721500000e-01  3.5528768438e+00
 4.5796000000e-01  2.1217314174e+00
 4.5870500000e-01  1.1649031421e+00
 4.5945000000e-01  6.9718553492e-01
 4.6019500000e-01  6.9754861048e-01
 4.6094000000e-01  1.1117069737e+00
 4.6168500000e-01  1.8573898186e+00
 4.6243000000e-01  2.8318244702e+00
 4.6317500000e-01  3.9207528963e+00
 4.6392000000e-01  5.0081728693e+00
 4.6466500000e-01  5.9859432850e+00
 4.6541000000e-01  6.7624203699e+00
 4.6615500000e-01  7.2693944066e+00
 4.6690000000e-01  7.4667643754e+00
 4.6764500000e-01  7.3446038366e+00
 4.6839000000e-01  6.9225144857e+00
 4.6913500000e-01  6.2464109904e+00
 4.6988000000e-01  5.3831089005e+00
 4.7062500000e-01  4.4132758225e+00
 4.7137000000e-01  3.4234380542e+00
 4.7211500000e-01  2.4977995641e+00
 4.7286000000e-01  1.7106232224e+00
 4.7360500000e-01  1.1198480678e+00
 4.7435000000e-01  7.6248009068e-01
 4.7509500000e-01  6.5211194975e-01
 4.7584000000e-01  7.7871757575e-01
 4.7658500000e-01  1.1106512141e+00
 4.7733000000e-01  1.5985776793e+00
 4.7807500000e-01  2.1808901231e+00
 4.7882000000e-01  2.7900485572e+00
 4.7956500000e-01  3.3592068674e+00
 4.8031000000e-01  3.8284924855e+00
 4.8105500000e-01  4.1503595976e+00
 4.8180000000e-01  4.2935464066e+00
 4.8254500000e-01  4.2453173328e+00
 4.8329000000e-01  4.0118464476e+00
 4.8403500000e-01  3.6167812493e+00
 4.8478000000e-01  3.0981983670e+00
 4.8552500000e-01  2.5043086988e+00
 4.8627000000e-01  1.8883757484e+00
 4.8701500000e-01  1.3033686321e+00
 4.8776000000e-01  7.9687652076e-01
 4.8850500000e-01  4.0676545341e-01
 4.8925000000e-01  1.5796774552e-01
 4.8999500000e-01  6.0668988871e-02
 4.9074000000e-01  1.1001128808e-01
 4.9148500000e-01  2.8727889773e-01
 4.9223000000e-01  5.6238890533e-01
 4.9297500000e-01  8.9738875952e-01
 4.9372000000e-01  1.2505752982e+00
 4.9446500000e-01  1.5808038460e+00
 4.9521000000e-01  1.8515539987e+00
 4.9595500000e-01  2.0343595391e+00
 4.9670000000e-01  2.1112879895e+00
 4.9744500000e-01  2.0762616100e+00
 4.9819000000e-01  1.9351346771e+00
 4.9893500000e-01  1.7045688731e+00
 4.9968000000e-01  1.4098668494e+00
 5.0042500000e-01  1.0820220494e+00
 5.0117000000e-01  7.5431165668e-01
 5.0191500000e-01  4.5879320611e-01
 5.0266000000e-01  2.2306182998e-01
 5.0340500000e-01  6.7585910030e-02
 5.0415000000e-01  3.8692180367e-03
 5.0489500000e-01  3.3595445818e-02
 5.0564000000e-01  1.4880635140e-01
 5.0638500000e-01  3.3305850123e-01
 5.0713000000e-01  5.6340649601e-01
 5.0787500000e-01  8.1298209492e-01
 5.0862000000e-01  1.0538860913e+00
 5.0936500000e-01  1.2600875993e+00
 5.1011000000e-01  1.4100348453e+00
 5.1085500000e-01  1.4887206530e+00
 5.1160000000e-01  1.4890096751e+00
 5.1234500000e-01  1.4121158172e+00
 5.1309000000e-01  1.2672084253e+00
 5.1383500000e-01  1.0702152759e+00
 5.1458000000e-01  8.4197016034e-01
 5.1532500000e-01  6.0591509948e-01
 5.1607000000e-01  3.8560618247e-01
 5.1681500000e-01  2.0228443154e-01
 5.1756000000e-01  7.2758497365e-02
 5.1830500000e-01  7.8066693981e-03
 5.1905000000e-01  1.1246378931e-02
 5.1979500000e-01  7.9746701564e-02
 5.2054000000e-01  2.0338112332e-01
 5.2128500000e-01  3.6684215389e-01
 5.2203000000e-01  5.5117389328e-01
 5.2277500000e-01  7.3582976998e-01
 5.2352000000e-01  9.0083488633e-01
 5.2426500000e-01  1.0288279696e+00
 5.2501000000e-01  1.1067766332e+00
 5.2575500000e-01  1.1271989450e+00
 5.2650000000e-01  1.0887795944e+00
 5.2724500000e-01  9.9633415157e-01
 5.2799000000e-01  8.6014308496e-01
 5.2873500000e-01  6.9474129153e-01
 5.2948000000e-01  5.1730245262e-01
 5.3022500000e-01  3.4579535776e-01
 5.3097000000e-01  1.9710798889e-01
 5.3171500000e-01  8.5333227509e-02
 5.3246000000e-01  2.0388281226e-02
 5.3320500000e-01  7.1010756873e-03
 5.3395000000e-01  4.4845352468e-02
 5.3469500000e-01  1.2774766294e-01
 5.3544000000e-01  2.4543003848e-01
 5.3618500000e-01  3.8419796423e-01
 5.3693000000e-01  5.2853980710e-01
 5.3767500000e-01  6.6277523772e-01
 5.3842000000e-01  7.7267899930e-01
 5.3916500000e-01  8.4691332096e-01
 5.3991000000e-01  8.7812618128e-01
 5.4065500000e-01  8.6361061790e-01
 5.4140000000e-01  8.0546809900e-01
 5.4214500000e-01  7.1027146464e-01
 5.4289000000e-01  5.8827460193e-01
 5.4363500000e-01  4.5226154791e-01
 5.4438000000e-01  3.1616258866e-01
 5.4512500000e-01  1.9358581590e-01
 5.4587000000e-01  9.6417703193e-02
 5.4661500000e-01  3.3635430958e-02
 5.4736000000e-01  1.0448418302e-02
 5.4810500000e-01  2.7849758018e-02
 5.4885000000e-01  8.2614053837e-02
 5.4959500000e-01  1.6773125285e-01
 5.5034000000e-01  2.7322134257e-01
 5.5108500000e-01  3.8723679476e-01
 5.5183000000e-01  4.9733214020e-01
 5.5257500000e-01  5.9176563737e-01
 5.5332000000e-01  6.6069783417e-01
 5.5406500000e-01  6.9716560272e-01
 5.5481000000e-01  6.9773621072e-01
 5.5555500000e-01  6.6278122117e-01
 5.5630000000e-01  5.9635064379e-01
 5.5704500000e-01  5.0566948401e-01
 5.5779000000e-01  4.0031732409e-01
 5.5853500000e-01  2.9118293096e-01
 5.5928000000e-01  1.8930704276e-01
 5.6002500000e-01  1.0473548980e-01
 5.6077000000e-01  4.5500997883e-02
 5.6151500000e-01  1.6836081979e-02
 5.6226000000e-01  2.0693279635e-02
 5.6300500000e-01  5.5615521747e-02
 5.6375000000e-01  1.1696230591e-01
 5.6449500000e-01  1.9746043747e-01
 5.6524000000e-01  2.8801523901e-01
 5.6598500000e-01  3.7869260450e-01
 5.6673000000e-01  4.5976656457e-01
 5.6747500000e-01  5.2272254447e-01
 5.6822000000e-01  5.6111345491e-01
 5.6896500000e-01  5.7118319509e-01
 5.6971000000e-01  5.5219803901e-01
 5.7045500000e-01  5.0645786677e-01
 5.7120000000e-01  4.3899291833e-01
 5.7194500000e-01  3.5698415963e-01
 5.7269000000e-01  2.6897313655e-01
 5.7343500000e-01  1.8394758015e-01
 5.7418000000e-01  1.1040006373e-01
 5.7492500000e-01  5.5457755809e-02
 5.7567000000e-01  2.4171900861e-02
 5.7641500000e-01  1.9037276356e-02
 5.7716000000e-01  3.9786607724e-02
 5.7790500000e-01  8.3475526851e-02
 5.7865000000e-01  1.4484325941e-01
 5.7939500000e-01  2.1690598590e-01
 5.8014000000e-01  2.9171661670e-01
 5.8088500000e-01  3.6120884927e-01
 5.8163000000e-01  4.1803632759e-01
 5.8237500000e-01  4.5632004980e-01
 5.8312000000e-01  4.7222843812e-01
 5.8386500000e-01  4.6433334878e-01
 5.8461000000e-01  4.3370965493e-01
 5.8535500000e-01  3.8377324967e-01
 5.8610000000e-01  3.1987951830e-01
 5.8684500000e-01  2.4872870206e-01
 5.8759000000e-01  1.7764365516e-01
 5.8833500000e-01  1.1379741317e-01
 5.8908000000e-01  6.3471652432e-02
 5.8982500000e-01  3.1422311928e-02
 5.9057000000e-01  2.0416035997e-02
 5.9131500000e-01  3.0982137463e-02
 5.9206000000e-01  6.1401564653e-02
 5.9280500000e-01  1.0792936890e-01
 5.9355000000e-01  1.6522303390e-01
 5.9429500000e-01  2.2692822739e-01
 5.9504000000e-01  2.8635815844e-01
 5.9578500000e-01  3.3719425765e-01
 5.9653000000e-01  3.7413508582e-01
 5.9727500000e-01  3.9342715597e-01
 5.9802000000e-01  3.9322487490e-01
 5.9876500000e-01  3.7374554448e-01
 5.9951000000e-01  3.3720726775e-01
 6.0025500000e-01  2.8756035176e-01
 6.0100000000e-01  2.3004401387e-01
 6.0174500000e-01  1.7061771213e-01
 6.0249000000e-01  1.1532848917e-01
 6.0323500000e-01  6.9681193897e-02
 6.0398000000e-01  3.8076884386e-02
 6.0472500000e-01  2.3376412079e-02
 6.0547000000e-01  2.6632129708e-02
 6.0621500000e-01  4.7012417706e-02
 6.0696000000e-01  8.1923256668e-02
 6.0770500000e-01  1.2731054960e-01
 6.0845000000e-01  1.7810844617e-01
 6.0919500000e-01  2.2878441671e-01
 6.0994000000e-01  2.7392269649e-01
 6.1068500000e-01  3.0878481874e-01
 6.1143000000e-01  3.2978946324e-01
 6.1217500000e-01  3.3486328459e-01
 6.1292000000e-01  3.2362866323e-01
 6.1366500000e-01  2.9741187276e-01
 6.1441000000e-01  2.5907409936e-01
 6.1515500000e-01  2.1268609294e-01
 6.1590000000e-01  1.6308308340e-01
 6.1664500000e-01  1.1534835920e-01
 6.1739000000e-01  7.4280433972e-02
 6.1813500000e-01  4.3899436837e-02
 6.1888000000e-01  2.7043285295e-02
 6.1962500000e-01  2.5093966671e-02
 6.2037000000e-01  3.7860019781e-02
 6.2111500000e-01  6.3624621313e-02
 6.2186000000e-01  9.9351316893e-02
 6.2260500000e-01  1.4102320885e-01
 6.2335000000e-01  1.8407798520e-01
 6.2409500000e-01  2.2389189079e-01
 6.2484000000e-01  2.5626149176e-01
 6.2558500000e-01  2.7783322075e-01
 6.2633000000e-01  2.8643699824e-01
 6.2707500000e-01  2.8129096082e-01
 6.2782000000e-01  2.6305829569e-01
 6.2856500000e-01  2.3375287717e-01
 6.2931000000e-01  1.9650616432e-01
 6.3005500000e-01  1.5522201293e-01
 6.3080000000e-01  1.1415723187e-01
 6.3154500000e-01  7.7472768126e-02
 6.3229000000e-01  4.8802673484e-02
 6.3303500000e-01  3.0885338566e-02
 6.3378000000e-01  2.5294238356e-02
 6.3452500000e-01  3.2294448747e-02
 6.3527000000e-01  5.0837671741e-02
 6.3601500000e-01  7.8693895297e-02
 6.3676000000e-01  1.1270364880e-01
 6.3750500000e-01  1.4912255989e-01
 6.3825000000e-01  1.8402081300e-01
 6.3899500000e-01  2.1369504601e-01
 6.3974000000e-01  2.3504965544e-01
 6.4048500000e-01  2.4590839516e-01
 6.4123000000e-01  2.4522506475e-01
 6.4197500000e-01  2.3317310256e-01
 6.4272000000e-01  2.1110682696e-01
 6.4346500000e-01  1.8140053280e-01
 6.4421000000e-01  1.4718423987e-01
 6.4495500000e-01  1.1200531458e-01
 6.4570000000e-01  7.9452397441e-02
 6.4644500000e-01  5.2781372771e-02
 6.4719000000e-01  3.4582236393e-02
 6.4793500000e-01  2.6520812670e-02
 6.4868000000e-01  2.9180922033e-02
 6.4942500000e-01  4.2021729055e-02
 6.5017000000e-01  6.3452780927e-02
 6.5091500000e-01  9.1016969139e-02
 6.5166000000e-01  1.2166059003e-01
 6.5240500000e-01  1.5206097113e-01
 6.5315000000e-01  1.7897663595e-01
 6.5389500000e-01  1.9958321780e-01
 6.5464000000e-01  2.1176042401e-01
 6.5538500000e-01  2.1430101583e-01
 6.5613000000e-01  2.0702135690e-01
 6.5687500000e-01  1.9076365537e-01
 6.5762000000e-01  1.6729144939e-01
 6.5836500000e-01  1.3909096069e-01
 6.5911000000e-01  1.0910052264e-01
 6.5985500000e-01  8.0397404152e-02
 6.6060000000e-01  5.5875301458e-02
 6.6134500000e-01  3.7946196363e-02
 6.6209000000e-01  2.8297195526e-02
 6.6283500000e-01  2.7726748600e-02
 6.6358000000e-01  3.6075990592e-02
 6.6432500000e-01  5.2260804957e-02
 6.6507000000e-01  7.4399637916e-02
 6.6581500000e-01  1.0002221640e-01
 6.6656000000e-01  1.2633614789e-01
 6.6730500000e-01  1.5052273232e-01
 6.6805000000e-01  1.7003074062e-01
 6.6879500000e-01  1.8283762952e-01
 6.6954000000e-01  1.8765154116e-01
 6.7028500000e-01  1.8403402329e-01
 6.7103000000e-01  1.7243197504e-01
 6.7177500000e-01  1.5411694942e-01
 6.7252000000e-01  1.3103961062e-01
 6.7326500000e-01  1.0561584559e-01
 6.7401000000e-01  8.0467875005e-02
 6.7475500000e-01  5.8148017919e-02
 6.7550000000e-01  4.0874128293e-02
 6.7624500000e-01  3.0304045433e-02
 6.7699000000e-01  2.7371907402e-02
 6.7773500000e-01  3.2202377899e-02
 6.7848000000e-01  4.4110477009e-02
 6.7922500000e-01  6.1685678563e-02
 6.7997000000e-01  8.2950191114e-02
 6.8071500000e-01  1.0557378080e-01
 6.8146000000e-01  1.2712189002e-01
 6.8220500000e-01  1.4531070805e-01
 6.8295000000e-01  1.5824254093e-01
 6.8369500000e-01  1.6459729685e-01
 6.8444000000e-01  1.6376084892e-01
 6.8518500000e-01  1.5587790669e-01
 6.8593000000e-01  1.4182507647e-01
 6.8667500000e-01  1.2310816239e-01
 6.8742000000e-01  1.0169557960e-01
 6.8816500000e-01  7.9806213638e-02
 6.8891000000e-01  5.9674513834e-02
 6.8965500000e-01  4.3317622761e-02
 6.9040000000e-01  3.2328745809e-02
 6.9114500000e-01  2.7717858271e-02
 6.9189000000e-01  2.9815593781e-02
 6.9263500000e-01  3.8249337593e-02
 6.9338000000e-01  5.1992894533e-02
 6.9412500000e-01  6.9483423972e-02
 6.9487000000e-01  8.8792431559e-02
 6.9561500000e-01  1.0783218614e-01
 6.9636000000e-01  1.2457553118e-01
 6.9710500000e-01  1.3726600572e-01
 6.9785000000e-01  1.4459655378e-01
 6.9859500000e-01  1.4583870422e-01
 6.9934000000e-01  1.4090953618e-01
 7.0008500000e-01  1.3037041447e-01
 7.0083000000e-01  1.1535867258e-01
 7.0157500000e-01  9.7460381133e-02
 7.0232000000e-01  7.8538346609e-02
 7.0306500000e-01  6.0533928197e-02
 7.0381000000e-01  4.5263701564e-02
 7.0455500000e-01  3.4232213666e-02
 7.0530000000e-01  2.8480074085e-02
 7.0604500000e-01  2.8482657352e-02
 7.0679000000e-01  3.4109190750e-02
 7.0753500000e-01  4.4645568474e-02
 7.0828000000e-01  5.8877549634e-02
 7.0902500000e-01  7.5224763452e-02
 7.0977000000e-01  9.1910802140e-02
 7.1051500000e-01  1.0715114885e-01
 7.1126000000e-01  1.1933910807e-01
 7.1200500000e-01  1.2721041380e-01
 7.1275000000e-01  1.2996970204e-01
 7.1349500000e-01  1.2736625763e-01
 7.1424000000e-01  1.1971191497e-01
 7.1498500000e-01  1.0784012079e-01
 7.1573000000e-01  9.3011306182e-02
 7.1647500000e-01  7.6775226220e-02
 7.1722000000e-01  6.0805244579e-02
 7.1796500000e-01  4.6722235568e-02
 7.1871000000e-01  3.5926591533e-02
 7.1945500000e-01  2.9455702556e-02
 7.2020000000e-01  2.7881363635e-02
 7.2094500000e-01  3.1257191964e-02
 7.2169000000e-01  3.9120780407e-02
 7.2243500000e-01  5.0549544996e-02
 7.2318000000e-01  6.4263650688e-02
 7.2392500000e-01  7.8764597890e-02
 7.2467000000e-01  9.2494510540e-02
 7.2541500000e-01  1.0399923462e-01
 7.2616000000e-01  1.1207821098e-01
 7.2690500000e-01  1.1590571664e-01
 7.2765000000e-01  1.1511127830e-01
 7.2839500000e-01  1.0981149304e-01
 7.2914000000e-01  1.0059066478e-01
 7.2988500000e-01  8.8433031760e-02
 7.3063000000e-01  7.4614357982e-02
 7.3137500000e-01  6.0564776764e-02
 7.3212000000e-01  4.7717590787e-02
 7.3286500000e-01  3.7359977303e-02
 7.3361000000e-01  3.0501112978e-02
 7.3435500000e-01  2.7771190103e-02
 7.3510000000e-01  2.9361381265e-02
 7.3584500000e-01  3.5010398422e-02
 7.3659000000e-01  4.4038358710e-02
 7.3733500000e-01  5.5423734280e-02
 7.3808000000e-01  6.7914740737e-02
 7.3882500000e-01  8.0163061086e-02
 7.3957000000e-01  9.0865655139e-02
 7.4031500000e-01  9.8899772190e-02
 7.4106000000e-01  1.0343721108e-01
 7.4180500000e-01  1.0402623706e-01
 7.4255000000e-01  1.0063310181e-01
 7.4329500000e-01  9.3639436484e-02
 7.4404000000e-01  8.3796435756e-02
 7.4478500000e-01  7.2141235320e-02
 7.4553000000e-01  5.9884741900e-02
 7.4627500000e-01  4.8283010834e-02
 7.4702000000e-01  3.8505802102e-02
 7.4776500000e-01  3.1516040042e-02
 7.4851000000e-01  2.7972566382e-02
 7.4925500000e-01  2.8165970483e-02
