 5.0000000000e-03  1.7250022905e+05
 5.7450000000e-03  1.5707681167e+05
 6.4900000000e-03  1.4087233718e+05
 7.2350000000e-03  1.2430027239e+05
 7.9800000000e-03  1.0776404289e+05
 8.7250000000e-03  9.1643064731e+04
 9.4700000000e-03  7.6280275023e+04
 1.0215000000e-02  6.1971660489e+04
 1.0960000000e-02  4.8958172616e+04
 1.1705000000e-02  3.7420291158e+04
 1.2450000000e-02  2.7475361935e+04
 1.3195000000e-02  1.9177697416e+04
 1.3940000000e-02  1.2521296786e+04
 1.4685000000e-02  7.4449229730e+03
 1.5430000000e-02  3.8391732412e+03
 1.6175000000e-02  1.5551020385e+03
 1.6920000000e-02  4.1390309926e+02
 1.7665000000e-02  2.1713382400e+02
 1.8410000000e-02  7.5696874305e+02
 1.9155000000e-02  1.8259988329e+03
 1.9900000000e-02  3.2261466440e+03
 2.0645000000e-02  4.7763395286e+03
 2.1390000000e-02  6.3186697640e+03
 2.2135000000e-02  7.7228655659e+03
 2.2880000000e-02  8.8889952072e+03
 2.3625000000e-02  9.7484221843e+03
 2.4370000000e-02  1.0263117554e+04
 2.5115000000e-02  1.0423511881e+04
 2.5860000000e-02  1.0245130323e+04
 2.6605000000e-02  9.7642979128e+03
 2.7350000000e-02  9.0332269450e+03
 2.8095000000e-02  8.1148045377e+03
 2.8840000000e-02  7.0773868807e+03
 2.9585000000e-02  5.9898794936e+03
 3.0330000000e-02  4.9173426071e+03
 3.1075000000e-02  3.9173108680e+03
 3.1820000000e-02  3.0369604749e+03
 3.2565000000e-02  2.3111982166e+03
 3.3310000000e-02  1.7616891811e+03
 3.4055000000e-02  1.3967862844e+03
 3.4800000000e-02  1.2122778722e+03
 3.5545000000e-02  1.1928315329e+03
 3.6290000000e-02  1.3139842873e+03
 3.7035000000e-02  1.5445121703e+03
 3.7780000000e-02  1.8490058956e+03
 3.8525000000e-02  2.1904831849e+03
 3.9270000000e-02  2.5328813217e+03
 4.0015000000e-02  2.8432940194e+03
 4.0760000000e-02  3.0938429522e+03
 4.1505000000e-02  3.2631043268e+03
 4.2250000000e-02  3.3370426702e+03
 4.2995000000e-02  3.3094356828e+03
 4.3740000000e-02  3.1818038361e+03
 4.4485000000e-02  2.9628849336e+03
 4.5230000000e-02  2.6677159683e+03
 4.5975000000e-02  2.3164015063e+03
 4.6720000000e-02  1.9326590762e+03
 4.7465000000e-02  1.5422375359e+03
 4.8210000000e-02  1.1713043442e+03
 4.8955000000e-02  8.4489254790e+02
 4.9700000000e-02  5.8548879844e+02
 5.0445000000e-02  4.1183068045e+02
 5.1190000000e-02  3.3796601006e+02
 5.1935000000e-02  3.7260953437e+02
 5.2680000000e-02  5.1881461758e+02
 5.3425000000e-02  7.7395996505e+02
 5.4170000000e-02  1.1300350579e+03
 5.4915000000e-02  1.5741934719e+03
 5.5660000000e-02  2.0895312197e+03
 5.6405000000e-02  2.6560381167e+03
 5.7150000000e-02  3.2516641953e+03
 5.7895000000e-02  3.8534404861e+03
 5.8640000000e-02  4.4385939996e+03
 5.9385000000e-02  4.9856002781e+03
 6.0130000000e-02  5.4751231184e+03
 6.0875000000e-02  5.8907995505e+03
 6.1620000000e-02  6.2198383650e+03
 6.2365000000e-02  6.4534118279e+03
 6.3110000000e-02  6.5868320673e+03
 6.3855000000e-02  6.6195153463e+03
 6.4600000000e-02  6.5547484361e+03
 6.5345000000e-02  6.3992810248e+03
 6.6090000000e-02  6.1627760770e+03
 6.6835000000e-02  5.8571559259e+03
 6.7580000000e-02  5.4958853983e+03
 6.8325000000e-02  5.0932343354e+03
 6.9070000000e-02  4.6635605091e+03
 6.9815000000e-02  4.2206503137e+03
 7.0560000000e-02  3.7771490363e+03
 7.1305000000e-02  3.3441053621e+03
 7.2050000000e-02  2.9306465537e+03
 7.2795000000e-02  2.5437919709e+03
 7.3540000000e-02  2.1884038384e+03
 7.4285000000e-02  1.8672659483e+03
 7.5030000000e-02  1.5812737910e+03
 7.5775000000e-02  1.3297138569e+03
 7.6520000000e-02  1.1106058296e+03
 7.7265000000e-02  9.2107929838e+02
 7.8010000000e-02  7.5775648467e+02
 7.8755000000e-02  6.1711423878e+02
 7.9500000000e-02  4.9580200183e+02
 8.0245000000e-02  3.9089724192e+02
 8.0990000000e-02  3.0008566762e+02
 8.1735000000e-02  2.2175985275e+02
 8.2480000000e-02  1.5503631097e+02
 8.3225000000e-02  9.9697086339e+01
 8.3970000000e-02  5.6067169950e+01
 8.4715000000e-02  2.4843180743e+01
 8.5460000000e-02  6.8915175937e+00
 8.6205000000e-02  3.0354677689e+00
 8.6950000000e-02  1.3850521967e+01
 8.7695000000e-02  3.9485488015e+01
 8.8440000000e-02  7.9524102674e+01
 8.9185000000e-02  1.3289798432e+02
 8.9930000000e-02  1.9785727762e+02
 9.0675000000e-02  2.7200057587e+02
 9.1420000000e-02  3.5236103257e+02
 9.2165000000e-02  4.3554133264e+02
 9.2910000000e-02  5.1788667998e+02
 9.3655000000e-02  5.9568239910e+02
 9.4400000000e-02  6.6536128885e+02
 9.5145000000e-02  7.2370556498e+02
 9.5890000000e-02  7.6802905296e+02
 9.6635000000e-02  7.9632713121e+02
 9.7380000000e-02  8.0738459522e+02
 9.8125000000e-02  8.0083488049e+02
 9.8870000000e-02  7.7716768090e+02
 9.9615000000e-02  7.3768565182e+02
 1.0036000000e-01  6.8441432791e+02
 1.0110500000e-01  6.1997237946e+02
 1.0185000000e-01  5.4741168648e+02
 1.0259500000e-01  4.7003829628e+02
 1.0334000000e-01  3.9122607739e+02
 1.0408500000e-01  3.1423478815e+02
 1.0483000000e-01  2.4204339807e+02
 1.0557500000e-01  1.7720794543e+02
 1.0632000000e-01  1.2175113580e+02
 1.0706500000e-01  7.7088461369e+01
 1.0781000000e-01  4.3993040444e+01
 1.0855500000e-01  2.2598827142e+01
 1.0930000000e-01  1.2439492802e+01
 1.1004500000e-01  1.2518277073e+01
 1.1079000000e-01  2.1402553776e+01
 1.1153500000e-01  3.7335821550e+01
 1.1228000000e-01  5.8359336390e+01
 1.1302500000e-01  8.2435637436e+01
 1.1377000000e-01  1.0756672900e+02
 1.1451500000e-01  1.3190059327e+02
 1.1526000000e-01  1.5382092258e+02
 1.1600500000e-01  1.7201637093e+02
 1.1675000000e-01  1.8552712262e+02
 1.1749500000e-01  1.9376806030e+02
 1.1824000000e-01  1.9652919625e+02
 1.1898500000e-01  1.9395523721e+02
 1.1973000000e-01  1.8650713465e+02
 1.2047500000e-01  1.7490919753e+02
 1.2122000000e-01  1.6008580312e+02
 1.2196500000e-01  1.4309194046e+02
 1.2271000000e-01  1.2504178128e+02
 1.2345500000e-01  1.0703922558e+02
 1.2420000000e-01  9.0113951529e+01
 1.2494500000e-01  7.5165951014e+01
 1.2569000000e-01  6.2920893692e+01
 1.2643500000e-01  5.3897969949e+01
 1.2718000000e-01  4.8391150528e+01
 1.2792500000e-01  4.6464096298e+01
 1.2867000000e-01  4.7958280227e+01
 1.2941500000e-01  5.2513265827e+01
 1.3016000000e-01  5.9597539989e+01
 1.3090500000e-01  6.8547838709e+01
 1.3165000000e-01  7.8614545646e+01
 1.3239500000e-01  8.9010497932e+01
 1.3314000000e-01  9.8960411504e+01
 1.3388500000e-01  1.0774814703e+02
 1.3463000000e-01  1.1475918116e+02
 1.3537500000e-01  1.1951592523e+02
 1.3612000000e-01  1.2170393714e+02
 1.3686500000e-01  1.2118758798e+02
 1.3761000000e-01  1.1801435055e+02
 1.3835500000e-01  1.1240754323e+02
 1.3910000000e-01  1.0474805432e+02
 1.3984500000e-01  9.5546248098e+01
 1.4059000000e-01  8.5405872214e+01
 1.4133500000e-01  7.4982305309e+01
 1.4208000000e-01  6.4937864667e+01
 1.4282500000e-01  5.5897107046e+01
 1.4357000000e-01  4.8405079631e+01
 1.4431500000e-01  4.2891304615e+01
 1.4506000000e-01  3.9641915495e+01
 1.4580500000e-01  3.8781825614e+01
 1.4655000000e-01  4.0268132869e+01
 1.4729500000e-01  4.3895193698e+01
 1.4804000000e-01  4.9310987671e+01
 1.4878500000e-01  5.6043599207e+01
 1.4953000000e-01  6.3535923524e+01
 1.5027500000e-01  7.1186113897e+01
 1.5102000000e-01  7.8390872177e+01
 1.5176500000e-01  8.4588477389e+01
 1.5251000000e-01  8.9298465815e+01
 1.5325500000e-01  9.2155121136e+01
 1.5400000000e-01  9.2932388341e+01
 1.5474500000e-01  9.1558457434e+01
 1.5549000000e-01  8.8119025702e+01
 1.5623500000e-01  8.2849083324e+01
 1.5698000000e-01  7.6113913409e+01
 1.5772500000e-01  6.8380790070e+01
 1.5847000000e-01  6.0183536797e+01
 1.5921500000e-01  5.2082621027e+01
 1.5996000000e-01  4.4623770865e+01
 1.6070500000e-01  3.8298183855e+01
 1.6145000000e-01  3.3507250343e+01
 1.6219500000e-01  3.0534348250e+01
 1.6294000000e-01  2.9525711387e+01
 1.6368500000e-01  3.0481673896e+01
 1.6443000000e-01  3.3258803474e+01
 1.6517500000e-01  3.7582616952e+01
 1.6592000000e-01  4.3069786138e+01
 1.6666500000e-01  4.9258048777e+01
 1.6741000000e-01  5.5641490555e+01
 1.6815500000e-01  6.1708498594e+01
 1.6890000000e-01  6.6979529940e+01
 1.6964500000e-01  7.1041898422e+01
 1.7039000000e-01  7.3579051862e+01
 1.7113500000e-01  7.4392264930e+01
 1.7188000000e-01  7.3413273257e+01
 1.7262500000e-01  7.0707073872e+01
 1.7337000000e-01  6.6464860929e+01
 1.7411500000e-01  6.0987797367e+01
 1.7486000000e-01  5.4662988079e+01
 1.7560500000e-01  4.7933569993e+01
 1.7635000000e-01  4.1265230869e+01
 1.7709500000e-01  3.5111685409e+01
 1.7784000000e-01  2.9881662634e+01
 1.7858500000e-01  2.5909794990e+01
 1.7933000000e-01  2.3433463888e+01
 1.8007500000e-01  2.2577177317e+01
 1.8082000000e-01  2.3345471549e+01
 1.8156500000e-01  2.5624686164e+01
 1.8231000000e-01  2.9193308086e+01
 1.8305500000e-01  3.3739964049e+01
 1.8380000000e-01  3.8887605674e+01
 1.8454500000e-01  4.4222013865e+01
 1.8529000000e-01  4.9322476707e+01
 1.8603500000e-01  5.3792383405e+01
 1.8678000000e-01  5.7287529894e+01
 1.8752500000e-01  5.9540141729e+01
 1.8827000000e-01  6.0376967698e+01
 1.8901500000e-01  5.9730255195e+01
 1.8976000000e-01  5.7640950548e+01
 1.9050500000e-01  5.4254034828e+01
 1.9125000000e-01  4.9806467316e+01
 1.9199500000e-01  4.4608725407e+01
 1.9274000000e-01  3.9021366130e+01
 1.9348500000e-01  3.3428361869e+01
 1.9423000000e-01  2.8209160796e+01
 1.9497500000e-01  2.3711479874e+01
 1.9572000000e-01  2.0226753891e+01
 1.9646500000e-01  1.7969946314e+01
 1.9721000000e-01  1.7065094443e+01
 1.9795500000e-01  1.7537537274e+01
 1.9870000000e-01  1.9313290509e+01
 1.9944500000e-01  2.2225523566e+01
 2.0019000000e-01  2.6027593705e+01
 2.0093500000e-01  3.0411636873e+01
 2.0168000000e-01  3.5031334387e+01
 2.0242500000e-01  3.9527194588e+01
 2.0317000000e-01  4.3552527404e+01
 2.0391500000e-01  4.6798257366e+01
 2.0466000000e-01  4.9014818418e+01
 2.0540500000e-01  5.0029593982e+01
 2.0615000000e-01  4.9758692365e+01
 2.0689500000e-01  4.8212257398e+01
 2.0764000000e-01  4.5492978327e+01
 2.0838500000e-01  4.1787948819e+01
 2.0913000000e-01  3.7354498451e+01
 2.0987500000e-01  3.2501047827e+01
 2.1062000000e-01  2.7564390617e+01
 2.1136500000e-01  2.2885057082e+01
 2.1211000000e-01  1.8782546498e+01
 2.1285500000e-01  1.5532220348e+01
 2.1360000000e-01  1.3345523920e+01
 2.1434500000e-01  1.2354959470e+01
 2.1509000000e-01  1.2604886758e+01
 2.1583500000e-01  1.4048801215e+01
 2.1658000000e-01  1.6553266977e+01
 2.1732500000e-01  1.9908195632e+01
 2.1807000000e-01  2.3842697362e+01
 2.1881500000e-01  2.8045323259e+01
 2.1956000000e-01  3.2187196130e+01
 2.2030500000e-01  3.5946316228e+01
 2.2105000000e-01  3.9031243954e+01
 2.2179500000e-01  4.1202410444e+01
 2.2254000000e-01  4.2289485885e+01
 2.2328500000e-01  4.2203531418e+01
 2.2403000000e-01  4.0943051700e+01
 2.2477500000e-01  3.8593522514e+01
 2.2552000000e-01  3.5320456816e+01
 2.2626500000e-01  3.1356556496e+01
 2.2701000000e-01  2.6983939124e+01
 2.2775500000e-01  2.2512795581e+01
 2.2850000000e-01  1.8258097693e+01
 2.2924500000e-01  1.4516114847e+01
 2.2999000000e-01  1.1542504387e+01
 2.3073500000e-01  9.5336122275e+00
 2.3148000000e-01  8.6123675851e+00
 2.3222500000e-01  8.8197989188e+00
 2.3297000000e-01  1.0112764767e+01
 2.3371500000e-01  1.2368017038e+01
 2.3446000000e-01  1.5392232355e+01
 2.3520500000e-01  1.8937196555e+01
 2.3595000000e-01  2.2718943159e+01
 2.3669500000e-01  2.6439357662e+01
 2.3744000000e-01  2.9808587698e+01
 2.3818500000e-01  3.2566556560e+01
 2.3893000000e-01  3.4501966390e+01
 2.3967500000e-01  3.5467389112e+01
 2.4042000000e-01  3.5389360092e+01
 2.4116500000e-01  3.4272785441e+01
 2.4191000000e-01  3.2199417000e+01
 2.4265500000e-01  2.9320604220e+01
 2.4340000000e-01  2.5844963708e+01
 2.4414500000e-01  2.2021982019e+01
 2.4489000000e-01  1.8122857278e+01
 2.4563500000e-01  1.4420069380e+01
 2.4638000000e-01  1.1167234875e+01
 2.4712500000e-01  8.5807484175e+00
 2.4787000000e-01  6.8245449327e+00
 2.4861500000e-01  5.9990510930e+00
 2.4936000000e-01  6.1350543008e+00
 2.5010500000e-01  7.1928304740e+00
 2.5085000000e-01  9.0664695961e+00
 2.5159500000e-01  1.1592951653e+01
 2.5234000000e-01  1.4565184367e+01
 2.5308500000e-01  1.7747942719e+01
 2.5383000000e-01  2.0895466962e+01
 2.5457500000e-01  2.3769391509e+01
 2.5532000000e-01  2.6155694398e+01
 2.5606500000e-01  2.7879470857e+01
 2.5681000000e-01  2.8816532204e+01
 2.5755500000e-01  2.8901094759e+01
 2.5830000000e-01  2.8129129985e+01
 2.5904500000e-01  2.6557272174e+01
 2.5979000000e-01  2.4297498801e+01
 2.6053500000e-01  2.1508088312e+01
 2.6128000000e-01  1.8381601085e+01
 2.6202500000e-01  1.5130806958e+01
 2.6277000000e-01  1.1973587951e+01
 2.6351500000e-01  9.1178743779e+00
 2.6426000000e-01  6.7476288414e+00
 2.6500500000e-01  5.0107831620e+00
 2.6575000000e-01  4.0098694803e+00
 2.6649500000e-01  3.7958829875e+00
 2.6724000000e-01  4.3656857536e+00
 2.6798500000e-01  5.6630250021e+00
 2.6873000000e-01  7.5830100647e+00
 2.6947500000e-01  9.9796834409e+00
 2.7022000000e-01  1.2676143714e+01
 2.7096500000e-01  1.5476539525e+01
 2.7171000000e-01  1.8179159435e+01
 2.7245500000e-01  2.0589794687e+01
 2.7320000000e-01  2.2534550378e+01
 2.7394500000e-01  2.3871323350e+01
 2.7469000000e-01  2.4499248339e+01
 2.7543500000e-01  2.4365532677e+01
 2.7618000000e-01  2.3469248270e+01
 2.7692500000e-01  2.1861820935e+01
 2.7767000000e-01  1.9644144417e+01
 2.7841500000e-01  1.6960441328e+01
 2.7916000000e-01  1.3989187574e+01
 2.7990500000e-01  1.0931601120e+01
 2.8065000000e-01  7.9983605949e+00
 2.8139500000e-01  5.3953542551e+00
 2.8214000000e-01  3.3093554507e+00
 2.8288500000e-01  1.8945680186e+00
 2.8363000000e-01  1.2609767010e+00
 2.8437500000e-01  1.4653688632e+00
 2.8512000000e-01  2.5057630103e+00
 2.8586500000e-01  4.3197894570e+00
 2.8661000000e-01  6.7873262461e+00
 2.8735500000e-01  9.7374110574e+00
 2.8810000000e-01  1.2959144037e+01
 2.8884500000e-01  1.6215987677e+01
 2.8959000000e-01  1.9262581232e+01
 2.9033500000e-01  2.1862942820e+01
 2.9108000000e-01  2.3808755581e+01
 2.9182500000e-01  2.4936345184e+01
 2.9257000000e-01  2.5140969475e+01
 2.9331500000e-01  2.4387165040e+01
 2.9406000000e-01  2.2714129016e+01
 2.9480500000e-01  2.0235447527e+01
 2.9555000000e-01  1.7132894907e+01
 2.9629500000e-01  1.3644492149e+01
 2.9704000000e-01  1.0047493591e+01
 2.9778500000e-01  6.6374281697e+00
 2.9853000000e-01  3.7047147754e+00
 2.9927500000e-01  1.5106620452e+00
 3.0002000000e-01  2.6481878151e-01
 3.0076500000e-01  1.0563922583e-01
 3.0151000000e-01  1.0862568865e+00
 3.0225500000e-01  3.1668250078e+00
 3.0300000000e-01  6.2143995057e+00
 3.0374500000e-01  1.0010744072e+01
 3.0449000000e-01  1.4267772429e+01
 3.0523500000e-01  1.8649663851e+01
 3.0598000000e-01  2.2800054451e+01
 3.0672500000e-01  2.6372177553e+01
 3.0747000000e-01  2.9059455335e+01
 3.0821500000e-01  3.0623873661e+01
 3.0896000000e-01  3.0919529838e+01
 3.0970500000e-01  2.9909037352e+01
 3.1045000000e-01  2.7670989745e+01
 3.1119500000e-01  2.4397394018e+01
 3.1194000000e-01  2.0380829155e+01
 3.1268500000e-01  1.5991998803e+01
 3.1343000000e-01  1.1649249735e+01
 3.1417500000e-01  7.7824366233e+00
 3.1492000000e-01  4.7941498734e+00
 3.1566500000e-01  3.0217187734e+00
 3.1641000000e-01  2.7035073066e+00
 3.1715500000e-01  3.9528085464e+00
 3.1790000000e-01  6.7421171491e+00
 3.1864500000e-01  1.0899748640e+01
 3.1939000000e-01  1.6119737479e+01
 3.2013500000e-01  2.1984765989e+01
 3.2088000000e-01  2.8000653829e+01
 3.2162500000e-01  3.3639783251e+01
 3.2237000000e-01  3.8389859543e+01
 3.2311500000e-01  4.1803709339e+01
 3.2386000000e-01  4.3545482656e+01
 3.2460500000e-01  4.3428699776e+01
 3.2535000000e-01  4.1442088674e+01
 3.2609500000e-01  3.7760071232e+01
 3.2684000000e-01  3.2736016715e+01
 3.2758500000e-01  2.6877892788e+01
 3.2833000000e-01  2.0807582853e+01
 3.2907500000e-01  1.5206759193e+01
 3.2982000000e-01  1.0753653019e+01
 3.3056500000e-01  8.0561996014e+00
 3.3131000000e-01  7.5877339731e+00
 3.3205500000e-01  9.6315774987e+00
 3.3280000000e-01  1.4240438069e+01
 3.3354500000e-01  2.1215547492e+01
 3.3429000000e-01  3.0108932496e+01
 3.3503500000e-01  4.0250266318e+01
 3.3578000000e-01  5.0797527013e+01
 3.3652500000e-01  6.0808382182e+01
 3.3727000000e-01  6.9327033413e+01
 3.3801500000e-01  7.5479396192e+01
 3.3876000000e-01  7.8568155410e+01
 3.3950500000e-01  7.8158582070e+01
 3.4025000000e-01  7.4146132555e+01
 3.4099500000e-01  6.6797823552e+01
 3.4174000000e-01  5.6761158183e+01
 3.4248500000e-01  4.5036872789e+01
 3.4323000000e-01  3.2914810287e+01
 3.4397500000e-01  2.1875576392e+01
 3.4472000000e-01  1.3464027008e+01
 3.4546500000e-01  9.1437736011e+00
 3.4621000000e-01  1.0144484030e+01
 3.4695500000e-01  1.7315531263e+01
 3.4770000000e-01  3.1000284479e+01
 3.4844500000e-01  5.0944901550e+01
 3.4919000000e-01  7.6253813686e+01
 3.4993500000e-01  1.0540123647e+02
 3.5068000000e-01  1.3630414352e+02
 3.5142500000e-01  1.6645744282e+02
 3.5217000000e-01  1.9312692770e+02
 3.5291500000e-01  2.1359032075e+02
 3.5366000000e-01  2.2541180999e+02
 3.5440500000e-01  2.2673131339e+02
 3.5515000000e-01  2.1654668779e+02
 3.5589500000e-01  1.9496554475e+02
 3.5664000000e-01  1.6340347483e+02
 3.5738500000e-01  1.2470742310e+02
 3.5813000000e-01  8.3186675896e+01
 3.5887500000e-01  4.4539249119e+01
 3.5962000000e-01  1.5668113893e+01
 3.6036500000e-01  4.3892412581e+00
 3.6111000000e-01  1.9041388002e+01
 3.6185500000e-01  6.8015317248e+01
 3.6260000000e-01  1.5922716976e+02
 3.6334500000e-01  2.9956642082e+02
 3.6409000000e-01  4.9435278747e+02
 3.6483500000e-01  7.4683821490e+02
 3.6558000000e-01  1.0577894318e+03
 3.6632500000e-01  1.4251834508e+03
 3.6707000000e-01  1.8440429027e+03
 3.6781500000e-01  2.3064305140e+03
 3.6856000000e-01  2.8016127942e+03
 3.6930500000e-01  3.3163926788e+03
 3.7005000000e-01  3.8356001271e+03
 3.7079500000e-01  4.3427192329e+03
 3.7154000000e-01  4.8206209839e+03
 3.7228500000e-01  5.2523630791e+03
 3.7303000000e-01  5.6220127379e+03
 3.7377500000e-01  5.9154456604e+03
 3.7452000000e-01  6.1210744524e+03
 3.7526500000e-01  6.2304629826e+03
 3.7601000000e-01  6.2387891368e+03
 3.7675500000e-01  6.1451269233e+03
 3.7750000000e-01  5.9525293491e+03
 3.7824500000e-01  5.6679052596e+03
 3.7899000000e-01  5.3016956512e+03
 3.7973500000e-01  4.8673670310e+03
 3.8048000000e-01  4.3807504081e+03
 3.8122500000e-01  3.8592637378e+03
 3.8197000000e-01  3.3210624961e+03
 3.8271500000e-01  2.7841670844e+03
 3.8346000000e-01  2.2656167045e+03
 3.8420500000e-01  1.7806971565e+03
 3.8495000000e-01  1.3422848520e+03
 3.8569500000e-01  9.6034158299e+02
 3.8644000000e-01  6.4158476597e+02
 3.8718500000e-01  3.8934667296e+02
 3.8793000000e-01  2.0362431538e+02
 3.8867500000e-01  8.1309961388e+01
 3.8942000000e-01  1.6581501821e+01
 3.9016500000e-01  1.4227303268e+00
 3.9091000000e-01  2.6236635612e+01
 3.9165500000e-01  8.0510425962e+01
 3.9240000000e-01  1.5348944059e+02
 3.9314500000e-01  2.3481837266e+02
 3.9389000000e-01  3.1511216458e+02
 3.9463500000e-01  3.8642518739e+02
 3.9538000000e-01  4.4259538451e+02
 3.9612500000e-01  4.7944933530e+02
 3.9687000000e-01  4.9486400208e+02
 3.9761500000e-01  4.8869057588e+02
 3.9836000000e-01  4.6255467643e+02
 3.9910500000e-01  4.1955461521e+02
 3.9985000000e-01  3.6388504021e+02
 4.0059500000e-01  3.0041673712e+02
 4.0134000000e-01  2.3426451851e+02
 4.0208500000e-01  1.7037401323e+02
 4.0283000000e-01  1.1315495690e+02
 4.0357500000e-01  6.6183607801e+01
 4.0432000000e-01  3.1990608460e+01
 4.0506500000e-01  1.1943498450e+01
 4.0581000000e-01  6.2257084244e+00
 4.0655500000e-01  1.3906775231e+01
 4.0730000000e-01  3.3092212144e+01
 4.0804500000e-01  6.1136365937e+01
 4.0879000000e-01  9.4898004487e+01
 4.0953500000e-01  1.3101648936e+02
 4.1028000000e-01  1.6618624724e+02
 4.1102500000e-01  1.9740877968e+02
 4.1177000000e-01  2.2220444054e+02
 4.1251500000e-01  2.3877036149e+02
 4.1326000000e-01  2.4607584550e+02
 4.1400500000e-01  2.4389186006e+02
 4.1475000000e-01  2.3275652488e+02
 4.1549500000e-01  2.1388330490e+02
 4.1624000000e-01  1.8902264663e+02
 4.1698500000e-01  1.6029076692e+02
 4.1773000000e-01  1.2998104835e+02
 4.1847500000e-01  1.0037394437e+02
 4.1922000000e-01  7.3560485453e+01
 4.1996500000e-01  5.1292533551e+01
 4.2071000000e-01  3.4870067186e+01
 4.2145500000e-01  2.5072264144e+01
 4.2220000000e-01  2.2135290681e+01
 4.2294500000e-01  2.5775824395e+01
 4.2369000000e-01  3.5255736714e+01
 4.2443500000e-01  4.9480308159e+01
 4.2518000000e-01  6.7120056326e+01
 4.2592500000e-01  8.6744864913e+01
 4.2667000000e-01  1.0695867636e+02
 4.2741500000e-01  1.2652353683e+02
 4.2816000000e-01  1.4446317285e+02
 4.2890500000e-01  1.6013838286e+02
 4.2965000000e-01  1.7328914611e+02
 4.3039500000e-01  1.8404125517e+02
 4.3114000000e-01  1.9287822805e+02
 4.3188500000e-01  2.0058201751e+02
 4.3263000000e-01  2.0814840365e+02
 4.3337500000e-01  2.1668476439e+02
 4.3412000000e-01  2.2729905215e+02
 4.3486500000e-01  2.4098920772e+02
 4.3561000000e-01  2.5854191432e+02
 4.3635500000e-01  2.8044859521e+02
 4.3710000000e-01  3.0684499261e+02
 4.3784500000e-01  3.3747867832e+02
 4.3859000000e-01  3.7170660637e+02
 4.3933500000e-01  4.0852250570e+02
 4.4008000000e-01  4.4661170135e+02
 4.4082500000e-01  4.8442900675e+02
 4.4157000000e-01  5.2029377796e+02
 4.4231500000e-01  5.5249515991e+02
 4.4306000000e-01  5.7940003756e+02
 4.4380500000e-01  5.9955624383e+02
 4.4455000000e-01  6.1178414010e+02
 4.4529500000e-01  6.1525070799e+02
 4.4604000000e-01  6.0952167605e+02
 4.4678500000e-01  5.9458883529e+02
 4.4753000000e-01  5.7087144638e+02
 4.4827500000e-01  5.3919237923e+02
 4.4902000000e-01  5.0073123450e+02
 4.4976500000e-01  4.5695807288e+02
 4.5051000000e-01  4.0955244178e+02
 4.5125500000e-01  3.6031308906e+02
 4.5200000000e-01  3.1106406401e+02
 4.5274500000e-01  2.6356283391e+02
 4.5349000000e-01  2.1941561872e+02
 4.5423500000e-01  1.8000442111e+02
 4.5498000000e-01  1.4642927157e+02
 4.5572500000e-01  1.1946809787e+02
 4.5647000000e-01  9.9555448069e+01
 4.5721500000e-01  8.6780125942e+01
 4.5796000000e-01  8.0900710675e+01
 4.5870500000e-01  8.1376989656e+01
 4.5945000000e-01  8.7414580208e+01
 4.6019500000e-01  9.8019482832e+01
 4.6094000000e-01  1.1205900740e+02
 4.6168500000e-01  1.2832544170e+02
 4.6243000000e-01  1.4559897140e+02
 4.6317500000e-01  1.6270668283e+02
 4.6392000000e-01  1.7857494925e+02
 4.6466500000e-01  1.9227307411e+02
 4.6541000000e-01  2.0304669978e+02
 4.6615500000e-01  2.1034014419e+02
 4.6690000000e-01  2.1380746307e+02
 4.6764500000e-01  2.1331262019e+02
 4.6839000000e-01  2.0891965533e+02
 4.6913500000e-01  2.0087415317e+02
 4.6988000000e-01  1.8957762393e+02
 4.7062500000e-01  1.7555660505e+02
 4.7137000000e-01  1.5942838543e+02
 4.7211500000e-01  1.4186524606e+02
 4.7286000000e-01  1.2355901558e+02
 4.7360500000e-01  1.0518756917e+02
 4.7435000000e-01  8.7384671195e+01
 4.7509500000e-01  7.0714290078e+01
 4.7584000000e-01  5.5650216355e+01
 4.7658500000e-01  4.2561504883e+01
 4.7733000000e-01  3.1703954862e+01
 4.7807500000e-01  2.3217548837e+01
 4.7882000000e-01  1.7129505033e+01
 4.7956500000e-01  1.3362365340e+01
 4.8031000000e-01  1.1746351263e+01
 4.8105500000e-01  1.2035077338e+01
 4.8180000000e-01  1.3923619261e+01
 4.8254500000e-01  1.7067893469e+01
 4.8329000000e-01  2.1104315247e+01
 4.8403500000e-01  2.5668760773e+01
 4.8478000000e-01  3.0413959917e+01
 4.8552500000e-01  3.5024584356e+01
 4.8627000000e-01  3.9229461491e+01
 4.8701500000e-01  4.2810529172e+01
 4.8776000000e-01  4.5608339355e+01
 4.8850500000e-01  4.7524109988e+01
 4.8925000000e-01  4.8518503769e+01
 4.8999500000e-01  4.8607470783e+01
 4.9074000000e-01  4.7855621845e+01
 4.9148500000e-01  4.6367694892e+01
 4.9223000000e-01  4.4278734584e+01
 4.9297500000e-01  4.1743624254e+01
 4.9372000000e-01  3.8926590919e+01
 4.9446500000e-01  3.5991251778e+01
 4.9521000000e-01  3.3091689978e+01
 4.9595500000e-01  3.0364945542e+01
 4.9670000000e-01  2.7925191936e+01
 4.9744500000e-01  2.5859748185e+01
 4.9819000000e-01  2.4226958583e+01
 4.9893500000e-01  2.3055863992e+01
 4.9968000000e-01  2.2347496335e+01
 5.0042500000e-01  2.2077555356e+01
 5.0117000000e-01  2.2200176453e+01
 5.0191500000e-01  2.2652471086e+01
 5.0266000000e-01  2.3359515764e+01
 5.0340500000e-01  2.4239479597e+01
 5.0415000000e-01  2.5208610187e+01
 5.0489500000e-01  2.6185839146e+01
 5.0564000000e-01  2.7096817348e+01
 5.0638500000e-01  2.7877241812e+01
 5.0713000000e-01  2.8475387287e+01
 5.0787500000e-01  2.8853803050e+01
 5.0862000000e-01  2.8990177137e+01
 5.0936500000e-01  2.8877405077e+01
 5.1011000000e-01  2.8522927773e+01
 5.1085500000e-01  2.7947424069e+01
 5.1160000000e-01  2.7182958507e+01
 5.1234500000e-01  2.6270695055e+01
 5.1309000000e-01  2.5258294225e+01
 5.1383500000e-01  2.4197115094e+01
 5.1458000000e-01  2.3139345673e+01
 5.1532500000e-01  2.2135185175e+01
 5.1607000000e-01  2.1230199603e+01
 5.1681500000e-01  2.0462967172e+01
 5.1756000000e-01  1.9863121511e+01
 5.1830500000e-01  1.9449887555e+01
 5.1905000000e-01  1.9231186856e+01
 5.1979500000e-01  1.9203365428e+01
 5.2054000000e-01  1.9351568504e+01
 5.2128500000e-01  1.9650753556e+01
 5.2203000000e-01  2.0067297177e+01
 5.2277500000e-01  2.0561115070e+01
 5.2352000000e-01  2.1088179956e+01
 5.2426500000e-01  2.1603292541e+01
 5.2501000000e-01  2.2062938398e+01
 5.2575500000e-01  2.2428051245e+01
 5.2650000000e-01  2.2666502376e+01
 5.2724500000e-01  2.2755147940e+01
 5.2799000000e-01  2.2681290324e+01
 5.2873500000e-01  2.2443446076e+01
 5.2948000000e-01  2.2051358320e+01
 5.3022500000e-01  2.1525243577e+01
 5.3097000000e-01  2.0894317375e+01
 5.3171500000e-01  2.0194695998e+01
 5.3246000000e-01  1.9466818762e+01
 5.3320500000e-01  1.8752572588e+01
 5.3395000000e-01  1.8092324950e+01
 5.3469500000e-01  1.7522080314e+01
 5.3544000000e-01  1.7070967860e+01
 5.3618500000e-01  1.6759244827e+01
 5.3693000000e-01  1.6596961810e+01
 5.3767500000e-01  1.6583386699e+01
 5.3842000000e-01  1.6707226353e+01
 5.3916500000e-01  1.6947624273e+01
 5.3991000000e-01  1.7275853192e+01
 5.4065500000e-01  1.7657568509e+01
 5.4140000000e-01  1.8055446131e+01
 5.4214500000e-01  1.8431999915e+01
 5.4289000000e-01  1.8752361884e+01
 5.4363500000e-01  1.8986813586e+01
 5.4438000000e-01  1.9112878865e+01
 5.4512500000e-01  1.9116825090e+01
 5.4587000000e-01  1.8994468341e+01
 5.4661500000e-01  1.8751234252e+01
 5.4736000000e-01  1.8401485377e+01
 5.4810500000e-01  1.7967183344e+01
 5.4885000000e-01  1.7476005003e+01
 5.4959500000e-01  1.6959072164e+01
 5.5034000000e-01  1.6448481418e+01
 5.5108500000e-01  1.5974831782e+01
 5.5183000000e-01  1.5564943131e+01
 5.5257500000e-01  1.5239938138e+01
 5.5332000000e-01  1.5013826858e+01
 5.5406500000e-01  1.4892689201e+01
 5.5481000000e-01  1.4874500119e+01
 5.5555500000e-01  1.4949589877e+01
 5.5630000000e-01  1.5101681352e+01
 5.5704500000e-01  1.5309402294e+01
 5.5779000000e-01  1.5548136019e+01
 5.5853500000e-01  1.5792051833e+01
 5.5928000000e-01  1.6016147866e+01
 5.6002500000e-01  1.6198144298e+01
 5.6077000000e-01  1.6320083159e+01
 5.6151500000e-01  1.6369520134e+01
 5.6226000000e-01  1.6340231178e+01
 5.6300500000e-01  1.6232398944e+01
 5.6375000000e-01  1.6052287356e+01
 5.6449500000e-01  1.5811453472e+01
 5.6524000000e-01  1.5525580886e+01
 5.6598500000e-01  1.5213045583e+01
 5.6673000000e-01  1.4893341620e+01
 5.6747500000e-01  1.4585499254e+01
 5.6822000000e-01  1.4306622379e+01
 5.6896500000e-01  1.4070656186e+01
 5.6971000000e-01  1.3887471792e+01
 5.7045500000e-01  1.3762324419e+01
 5.7120000000e-01  1.3695708489e+01
 5.7194500000e-01  1.3683599505e+01
 5.7269000000e-01  1.3718041729e+01
 5.7343500000e-01  1.3788014722e+01
 5.7418000000e-01  1.3880492876e+01
 5.7492500000e-01  1.3981601103e+01
 5.7567000000e-01  1.4077767567e+01
 5.7641500000e-01  1.4156780312e+01
 5.7716000000e-01  1.4208667944e+01
 5.7790500000e-01  1.4226343669e+01
 5.7865000000e-01  1.4205975052e+01
 5.7939500000e-01  1.4147066609e+01
 5.8014000000e-01  1.4052266753e+01
 5.8088500000e-01  1.3926932559e+01
 5.8163000000e-01  1.3778503653e+01
 5.8237500000e-01  1.3615749039e+01
 5.8312000000e-01  1.3447957089e+01
 5.8386500000e-01  1.3284139154e+01
 5.8461000000e-01  1.3132311559e+01
 5.8535500000e-01  1.2998910092e+01
 5.8610000000e-01  1.2888376584e+01
 5.8684500000e-01  1.2802940316e+01
 5.8759000000e-01  1.2742599305e+01
 5.8833500000e-01  1.2705289576e+01
 5.8908000000e-01  1.2687215620e+01
 5.8982500000e-01  1.2683303555e+01
 5.9057000000e-01  1.2687730751e+01
 5.9131500000e-01  1.2694482264e+01
 5.9206000000e-01  1.2697885358e+01
 5.9280500000e-01  1.2693078320e+01
 5.9355000000e-01  1.2676377989e+01
 5.9429500000e-01  1.2645521137e+01
 5.9504000000e-01  1.2599766871e+01
 5.9578500000e-01  1.2539859672e+01
 5.9653000000e-01  1.2467864370e+01
 5.9727500000e-01  1.2386894412e+01
 5.9802000000e-01  1.2300762576e+01
 5.9876500000e-01  1.2213588161e+01
 5.9951000000e-01  1.2129396588e+01
 6.0025500000e-01  1.2051746193e+01
 6.0100000000e-01  1.1983413076e+01
 6.0174500000e-01  1.1926158646e+01
 6.0249000000e-01  1.1880596631e+01
 6.0323500000e-01  1.1846167368e+01
 6.0398000000e-01  1.1821218106e+01
 6.0472500000e-01  1.1803179336e+01
 6.0547000000e-01  1.1788819620e+01
 6.0621500000e-01  1.1774555474e+01
 6.0696000000e-01  1.1756788948e+01
 6.0770500000e-01  1.1732243919e+01
 6.0845000000e-01  1.1698272730e+01
 6.0919500000e-01  1.1653107658e+01
 6.0994000000e-01  1.1596036402e+01
 6.1068500000e-01  1.1527487051e+01
 6.1143000000e-01  1.1449015291e+01
 6.1217500000e-01  1.1363194381e+01
 6.1292000000e-01  1.1273416140e+01
 6.1366500000e-01  1.1183618264e+01
 6.1441000000e-01  1.1097959212e+01
 6.1515500000e-01  1.1020466259e+01
 6.1590000000e-01  1.0954684765e+01
 6.1664500000e-01  1.0903357087e+01
 6.1739000000e-01  1.0868157798e+01
 6.1813500000e-01  1.0849508017e+01
 6.1888000000e-01  1.0846486083e+01
 6.1962500000e-01  1.0856844672e+01
 6.2037000000e-01  1.0877136474e+01
 6.2111500000e-01  1.0902942109e+01
 6.2186000000e-01  1.0929185755e+01
 6.2260500000e-01  1.0950516629e+01
 6.2335000000e-01  1.0961728485e+01
 6.2409500000e-01  1.0958185333e+01
 6.2484000000e-01  1.0936219835e+01
 6.2558500000e-01  1.0893471680e+01
 6.2633000000e-01  1.0829136629e+01
 6.2707500000e-01  1.0744102751e+01
 6.2782000000e-01  1.0640958260e+01
 6.2856500000e-01  1.0523864830e+01
 6.2931000000e-01  1.0398300609e+01
 6.3005500000e-01  1.0270687651e+01
 6.3080000000e-01  1.0147928208e+01
 6.3154500000e-01  1.0036882666e+01
 6.3229000000e-01  9.9438278937e+00
 6.3303500000e-01  9.8739380562e+00
 6.3378000000e-01  9.8308299643e+00
 6.3452500000e-01  9.8162117275e+00
 6.3527000000e-01  9.8296669400e+00
 6.3601500000e-01  9.8685972244e+00
 6.3676000000e-01  9.9283343259e+00
 6.3750500000e-01  1.0002419920e+01
 6.3825000000e-01  1.0083037862e+01
 6.3899500000e-01  1.0161570825e+01
 6.3974000000e-01  1.0229242217e+01
 6.4048500000e-01  1.0277795880e+01
 6.4123000000e-01  1.0300161194e+01
 6.4197500000e-01  1.0291050277e+01
 6.4272000000e-01  1.0247437377e+01
 6.4346500000e-01  1.0168878000e+01
 6.4421000000e-01  1.0057636574e+01
 6.4495500000e-01  9.9186055108e+00
 6.4570000000e-01  9.7590146315e+00
 6.4644500000e-01  9.5879465588e+00
 6.4719000000e-01  9.4156897618e+00
 6.4793500000e-01  9.2529749753e+00
 6.4868000000e-01  9.1101515916e+00
 6.4942500000e-01  8.9963672996e+00
 6.5017000000e-01  8.9188160721e+00
 6.5091500000e-01  8.8821162423e+00
 6.5166000000e-01  8.8878719911e+00
 6.5240500000e-01  8.9344585905e+00
 6.5315000000e-01  9.0170551405e+00
 6.5389500000e-01  9.1279295098e+00
 6.5464000000e-01  9.2569602303e+00
 6.5538500000e-01  9.3923607740e+00
 6.5613000000e-01  9.5215545425e+00
 6.5687500000e-01  9.6321354671e+00
 6.5762000000e-01  9.7128405374e+00
 6.5836500000e-01  9.7544576690e+00
 6.5911000000e-01  9.7505954702e+00
 6.5985500000e-01  9.6982505835e+00
 6.6060000000e-01  9.5981227636e+00
 6.6134500000e-01  9.4546466944e+00
 6.6209000000e-01  9.2757313123e+00
 6.6283500000e-01  9.0722204307e+00
 6.6358000000e-01  8.8571109139e+00
 6.6432500000e-01  8.6445847208e+00
 6.6507000000e-01  8.4489271570e+00
 6.6581500000e-01  8.2834142713e+00
 6.6656000000e-01  8.1592565345e+00
 6.6730500000e-01  8.0846832835e+00
 6.6805000000e-01  8.0642429651e+00
 6.6879500000e-01  8.0983785964e+00
 6.6954000000e-01  8.1833172056e+00
 6.7028500000e-01  8.3112878724e+00
 6.7103000000e-01  8.4710572321e+00
 6.7177500000e-01  8.6487459611e+00
 6.7252000000e-01  8.8288668589e+00
 6.7326500000e-01  8.9955065647e+00
 6.7401000000e-01  9.1335602380e+00
 6.7475500000e-01  9.2299228300e+00
 6.7550000000e-01  9.2745424198e+00
 6.7624500000e-01  9.2612504893e+00
 6.7699000000e-01  9.1883003147e+00
 6.7773500000e-01  9.0585666783e+00
 6.7848000000e-01  8.8793861788e+00
 6.7922500000e-01  8.6620455290e+00
 6.7997000000e-01  8.4209531609e+00
 6.8071500000e-01  8.1725549870e+00
 6.8146000000e-01  7.9340762213e+00
 6.8220500000e-01  7.7221860147e+00
 6.8295000000e-01  7.5516890236e+00
 6.8369500000e-01  7.4343472446e+00
 6.8444000000e-01  7.3779264499e+00
 6.8518500000e-01  7.3855449679e+00
 6.8593000000e-01  7.4553795956e+00
 6.8667500000e-01  7.5807558556e+00
 6.8742000000e-01  7.7506197483e+00
 6.8816500000e-01  7.9503579788e+00
 6.8891000000e-01  8.1629057398e+00
 6.8965500000e-01  8.3700577635e+00
 6.9040000000e-01  8.5538814180e+00
 6.9114500000e-01  8.6981215367e+00
 6.9189000000e-01  8.7894862382e+00
 6.9263500000e-01  8.8187113397e+00
 6.9338000000e-01  8.7813175134e+00
 6.9412500000e-01  8.6779978537e+00
 6.9487000000e-01  8.5146021929e+00
 6.9561500000e-01  8.3017161128e+00
 6.9636000000e-01  8.0538646388e+00
 6.9710500000e-01  7.7884005434e+00
 6.9785000000e-01  7.5241626121e+00
 6.9859500000e-01  7.2800080845e+00
 6.9934000000e-01  7.0733342134e+00
 7.0008500000e-01  6.9187055690e+00
 7.0083000000e-01  6.8266961477e+00
 7.0157500000e-01  6.8030390581e+00
 7.0232000000e-01  6.8481527837e+00
 7.0306500000e-01  6.9570836062e+00
 7.0381000000e-01  7.1198710165e+00
 7.0455500000e-01  7.3223094391e+00
 7.0530000000e-01  7.5470480110e+00
 7.0604500000e-01  7.7749430257e+00
 7.0679000000e-01  7.9865571657e+00
 7.0753500000e-01  8.1636874838e+00
 7.0828000000e-01  8.2908012632e+00
 7.0902500000e-01  8.3562656785e+00
 7.0977000000e-01  8.3532730930e+00
 7.1051500000e-01  8.2803876369e+00
 7.1126000000e-01  8.1416685570e+00
 7.1200500000e-01  7.9463593378e+00
 7.1275000000e-01  7.7081661191e+00
 7.1349500000e-01  7.4441816970e+00
 7.1424000000e-01  7.1735397750e+00
 7.1498500000e-01  6.9159058400e+00
 7.1573000000e-01  6.6899242988e+00
 7.1647500000e-01  6.5117452491e+00
 7.1722000000e-01  6.3937481345e+00
 7.1796500000e-01  6.3435640096e+00
 7.1871000000e-01  6.3634744518e+00
 7.1945500000e-01  6.4502351643e+00
 7.2020000000e-01  6.5953384368e+00
 7.2094500000e-01  6.7856935651e+00
 7.2169000000e-01  7.0046709088e+00
 7.2243500000e-01  7.2334261651e+00
 7.2318000000e-01  7.4523990220e+00
 7.2392500000e-01  7.6428664184e+00
 7.2467000000e-01  7.7884263240e+00
 7.2541500000e-01  7.8762936091e+00
 7.2616000000e-01  7.8983047494e+00
 7.2690500000e-01  7.8515515803e+00
 7.2765000000e-01  7.7385941892e+00
 7.2839500000e-01  7.5672368944e+00
 7.2914000000e-01  7.3498863707e+00
 7.2988500000e-01  7.1025445091e+00
 7.3063000000e-01  6.8435178260e+00
 7.3137500000e-01  6.5919478184e+00
 7.3212000000e-01  6.3662807660e+00
 7.3286500000e-01  6.1827999925e+00
 7.3361000000e-01  6.0543381634e+00
 7.3435500000e-01  5.9892722816e+00
 7.3510000000e-01  5.9908808703e+00
 7.3584500000e-01  6.0571133200e+00
 7.3659000000e-01  6.1807879118e+00
 7.3733500000e-01  6.3502003665e+00
 7.3808000000e-01  6.5500917073e+00
 7.3882500000e-01  6.7628954492e+00
 7.3957000000e-01  6.9701619722e+00
 7.4031500000e-01  7.1540441507e+00
 7.4106000000e-01  7.2987240145e+00
 7.4180500000e-01  7.3916656839e+00
 7.4255000000e-01  7.4245945882e+00
 7.4329500000e-01  7.3941257764e+00
 7.4404000000e-01  7.3019930755e+00
 7.4478500000e-01  7.1548635437e+00
 7.4553000000e-01  6.9637554179e+00
 7.4627500000e-01  6.7431098148e+00
 7.4702000000e-01  6.5095941893e+00
 7.4776500000e-01  6.2807367607e+00
 7.4851000000e-01  6.0735040814e+00
 7.4925500000e-01  5.9029376473e+00
