  0.0000000000e+00  -3.1250000000e-06
  0.0000000000e+00  -0.0000000000e+00
  0.0000000000e+00  -0.0000000000e+00
  0.0000000000e+00  -0.0000000000e+00
  0.0000000000e+00  -0.0000000000e+00
  0.0000000000e+00  -0.0000000000e+00
  0.0000000000e+00  -0.0000000000e+00
  0.0000000000e+00  -0.0000000000e+00
  0.0000000000e+00  -0.0000000000e+00
  0.0000000000e+00  -0.0000000000e+00
  0.0000000000e+00  -0.0000000000e+00
  0.0000000000e+00  -0.0000000000e+00
  0.0000000000e+00  -0.0000000000e+00
  0.0000000000e+00  -0.0000000000e+00
  0.0000000000e+00  -0.0000000000e+00
  0.0000000000e+00  -0.0000000000e+00
  0.0000000000e+00  -0.0000000000e+00
  0.0000000000e+00  -0.0000000000e+00
  0.0000000000e+00  -0.0000000000e+00
  0.0000000000e+00  -0.0000000000e+00
  0.0000000000e+00  -0.0000000000e+00
  0.0000000000e+00  -0.0000000000e+00
  0.0000000000e+00  -0.0000000000e+00
  0.0000000000e+00  -0.0000000000e+00
  0.0000000000e+00  -0.0000000000e+00
  0.0000000000e+00  -0.0000000000e+00
  0.0000000000e+00  -0.0000000000e+00
  0.0000000000e+00  -0.0000000000e+00
  0.0000000000e+00  -0.0000000000e+00
  0.0000000000e+00  -0.0000000000e+00
  TRACE IS 9.7656250000e-12
  2.6041503906e-09  -3.1249739583e-06
  0.0000000000e+00  -0.0000000000e+00
  0.0000000000e+00  -0.0000000000e+00
  0.0000000000e+00  -0.0000000000e+00
  0.0000000000e+00  -0.0000000000e+00
  0.0000000000e+00  -0.0000000000e+00
  0.0000000000e+00  -0.0000000000e+00
  0.0000000000e+00  -0.0000000000e+00
  0.0000000000e+00  -0.0000000000e+00
  0.0000000000e+00  -0.0000000000e+00
  0.0000000000e+00  -0.0000000000e+00
  0.0000000000e+00  -0.0000000000e+00
  0.0000000000e+00  -0.0000000000e+00
  0.0000000000e+00  -0.0000000000e+00
  0.0000000000e+00  -0.0000000000e+00
  0.0000000000e+00  -0.0000000000e+00
  0.0000000000e+00  -0.0000000000e+00
  0.0000000000e+00  -0.0000000000e+00
  0.0000000000e+00  -0.0000000000e+00
  0.0000000000e+00  -0.0000000000e+00
  0.0000000000e+00  -0.0000000000e+00
  0.0000000000e+00  -0.0000000000e+00
  0.0000000000e+00  -0.0000000000e+00
  0.0000000000e+00  -0.0000000000e+00
  0.0000000000e+00  -0.0000000000e+00
  0.0000000000e+00  -0.0000000000e+00
  0.0000000000e+00  -0.0000000000e+00
  0.0000000000e+00  -0.0000000000e+00
  0.0000000000e+00  -0.0000000000e+00
  0.0000000000e+00  -0.0000000000e+00
  TRACE IS 9.7654690219e-12
  5.2082573787e-09  -3.1249457468e-06
  0.0000000000e+00  -0.0000000000e+00
  0.0000000000e+00  -0.0000000000e+00
  0.0000000000e+00  -0.0000000000e+00
  0.0000000000e+00  -0.0000000000e+00
  0.0000000000e+00  -0.0000000000e+00
  0.0000000000e+00  -0.0000000000e+00
  0.0000000000e+00  -0.0000000000e+00
  0.0000000000e+00  -0.0000000000e+00
  0.0000000000e+00  -0.0000000000e+00
  0.0000000000e+00  -0.0000000000e+00
  0.0000000000e+00  -0.0000000000e+00
  0.0000000000e+00  -0.0000000000e+00
  0.0000000000e+00  -0.0000000000e+00
  0.0000000000e+00  -0.0000000000e+00
  0.0000000000e+00  -0.0000000000e+00
  0.0000000000e+00  -0.0000000000e+00
  0.0000000000e+00  -0.0000000000e+00
  0.0000000000e+00  -0.0000000000e+00
  0.0000000000e+00  -0.0000000000e+00
  0.0000000000e+00  -0.0000000000e+00
  0.0000000000e+00  -0.0000000000e+00
  0.0000000000e+00  -0.0000000000e+00
  0.0000000000e+00  -0.0000000000e+00
  0.0000000000e+00  -0.0000000000e+00
  0.0000000000e+00  -0.0000000000e+00
  0.0000000000e+00  -0.0000000000e+00
  0.0000000000e+00  -0.0000000000e+00
  0.0000000000e+00  -0.0000000000e+00
  0.0000000000e+00  -0.0000000000e+00
  TRACE IS 9.7653130462e-12
  7.8123191565e-09  -3.1249153654e-06
  0.0000000000e+00  -0.0000000000e+00
  0.0000000000e+00  -0.0000000000e+00
  0.0000000000e+00  -0.0000000000e+00
  0.0000000000e+00  -0.0000000000e+00
  0.0000000000e+00  -0.0000000000e+00
  0.0000000000e+00  -0.0000000000e+00
  0.0000000000e+00  -0.0000000000e+00
  0.0000000000e+00  -0.0000000000e+00
  0.0000000000e+00  -0.0000000000e+00
  0.0000000000e+00  -0.0000000000e+00
  0.0000000000e+00  -0.0000000000e+00
  0.0000000000e+00  -0.0000000000e+00
  0.0000000000e+00  -0.0000000000e+00
  0.0000000000e+00  -0.0000000000e+00
  0.0000000000e+00  -0.0000000000e+00
  0.0000000000e+00  -0.0000000000e+00
  0.0000000000e+00  -0.0000000000e+00
  0.0000000000e+00  -0.0000000000e+00
  0.0000000000e+00  -0.0000000000e+00
  0.0000000000e+00  -0.0000000000e+00
  0.0000000000e+00  -0.0000000000e+00
  0.0000000000e+00  -0.0000000000e+00
  0.0000000000e+00  -0.0000000000e+00
  0.0000000000e+00  -0.0000000000e+00
  0.0000000000e+00  -0.0000000000e+00
  0.0000000000e+00  -0.0000000000e+00
  0.0000000000e+00  -0.0000000000e+00
  0.0000000000e+00  -0.0000000000e+00
  0.0000000000e+00  -0.0000000000e+00
  TRACE IS 9.7651570731e-12
  1.0416333916e-08  -3.1248828142e-06
  0.0000000000e+00  -0.0000000000e+00
  0.0000000000e+00  -0.0000000000e+00
  0.0000000000e+00  -0.0000000000e+00
  0.0000000000e+00  -0.0000000000e+00
  0.0000000000e+00  -0.0000000000e+00
  0.0000000000e+00  -0.0000000000e+00
  0.0000000000e+00  -0.0000000000e+00
  0.0000000000e+00  -0.0000000000e+00
  0.0000000000e+00  -0.0000000000e+00
  0.0000000000e+00  -0.0000000000e+00
  0.0000000000e+00  -0.0000000000e+00
  0.0000000000e+00  -0.0000000000e+00
  0.0000000000e+00  -0.0000000000e+00
  0.0000000000e+00  -0.0000000000e+00
  0.0000000000e+00  -0.0000000000e+00
  0.0000000000e+00  -0.0000000000e+00
  0.0000000000e+00  -0.0000000000e+00
  0.0000000000e+00  -0.0000000000e+00
  0.0000000000e+00  -0.0000000000e+00
  0.0000000000e+00  -0.0000000000e+00
  0.0000000000e+00  -0.0000000000e+00
  0.0000000000e+00  -0.0000000000e+00
  0.0000000000e+00  -0.0000000000e+00
  0.0000000000e+00  -0.0000000000e+00
  0.0000000000e+00  -0.0000000000e+00
  0.0000000000e+00  -0.0000000000e+00
  0.0000000000e+00  -0.0000000000e+00
  0.0000000000e+00  -0.0000000000e+00
  0.0000000000e+00  -0.0000000000e+00
  TRACE IS 9.7650011024e-12
